1000
906 996 427 883 514 304 929 601 460 663 747 384 354 364 498 363 842 297 264 314 957 986 649 36 204 221 870 684 0
117 103 439 968 506 26 304 206 663 801 256 835 883 769 621 717 587 220 153 53 237 931 644 238 31 0
56 888 514 687 351 64 686 21 17 599 124 851 582 337 131 65 915 797 0
809 837 630 360 668 807 687 208 853 972 512 44 336 679 81 191 808 5 938 588 894 61 328 0
181 290 381 529 297 358 806 890 293 288 418 271 41 741 0
890 293 370 963 204 531 532 181 498 464 288 847 801 165 383 982 290 74 418 172 121 622 965 358 314 0
775 518 622 374 288 314 271 963 5 981 740 165 356 864 955 538 531 532 977 52 724 803 0
923 531 752 297 10 288 775 529 939 271 314 427 441 290 869 959 53 208 773 495 803 801 668 150 0
957 758 89 617 6 422 466 696 290 310 907 272 472 493 325 822 78 888 498 939 578 984 511 288 376 390 531 0
25 271 538 670 519 803 959 427 977 806 740 172 668 383 982 121 446 493 283 0
210 486 859 429 985 155 529 627 679 640 547 341 299 441 812 177 724 631 971 741 383 967 924 181 0
356 424 433 704 59 110 293 130 67 693 256 838 387 393 248 670 152 865 108 867 809 72 191 472 760 97 463 957 530 570 599 18 0
942 457 381 49 153 132 64 210 450 325 911 634 547 849 198 475 178 177 863 828 128 619 339 227 523 544 0
890 206 929 733 368 194 561 684 559 679 640 519 492 134 257 181 1 570 182 21 31 167 590 847 97 469 650 0
290 995 220 760 182 570 144 869 304 756 608 181 344 124 413 670 944 231 103 350 521 257 0
564 779 25 493 723 513 852 103 124 157 144 270 323 903 767 578 845 246 582 2 561 951 262 0
418 344 277 278 574 105 38 365 7 391 585 0
741 52 344 5 121 999 314 622 290 518 271 803 907 864 74 172 564 283 511 696 427 0
398 80 745 993 89 367 852 890 365 714 865 25 812 502 695 955 0
70 46 574 96 55 370 230 474 835 812 379 517 635 967 788 524 305 58 530 182 608 72 354 798 366 715 170 0
41 775 242 939 374 307 53 89 805 494 472 995 771 519 432 37 794 362 643 585 290 981 740 889 839 649 121 622 0
64 890 97 357 500 784 161 307 526 207 235 854 474 604 949 305 290 49 801 39 341 783 288 718 855 6 532 460 31 342 262 407 176 0
64 110 406 304 474 923 905 881 518 130 671 602 902 621 6 956 450 673 811 607 49 995 662 807 837 0
207 559 8 927 54 910 948 614 884 824 100 662 292 71 222 14 372 230 201 675 208 618 826 0
538 383 494 957 121 381 181 529 41 670 293 5 741 806 668 358 495 310 0
221 869 791 406 376 116 899 260 606 640 463 252 913 123 38 514 996 452 484 237 652 0
740 297 920 903 523 515 571 304 78 712 394 803 245 18 631 175 220 330 715 418 117 544 419 684 959 794 0
32 252 194 229 813 328 87 851 198 262 910 733 276 815 25 732 555 809 406 0
105 59 670 267 510 565 50 598 44 350 649 974 506 376 259 115 908 91 265 312 907 361 343 725 586 673 877 750 715 498 99 700 0
281 337 977 987 968 564 790 532 798 358 384 340 74 529 939 741 92 299 177 869 0
494 441 838 410 923 391 758 544 515 839 827 204 696 88 747 493 65 177 390 314 220 182 153 985 299 466 912 0
806 256 519 427 509 696 812 761 376 749 931 281 300 330 635 204 792 52 990 173 145 601 982 0
370 150 939 5 538 449 907 740 314 165 418 381 358 277 394 74 288 648 0
707 814 481 718 136 144 220 864 429 334 9 48 32 337 769 722 392 699 482 381 472 122 910 367 162 698 924 415 898 0
997 588 771 574 859 547 292 981 303 604 590 106 152 718 587 514 0
165 17 320 243 466 224 711 189 542 770 801 523 7 314 502 179 230 872 547 984 255 291 460 0
869 10 890 907 518 314 632 519 297 773 944 648 89 181 989 105 204 33 307 988 963 775 288 0
629 757 525 469 376 408 446 7 498 567 464 724 204 794 805 565 955 307 300 25 121 18 741 0
813 87 745 199 197 173 986 344 837 605 292 538 474 755 43 906 0
515 354 537 136 172 544 565 531 875 78 175 859 86 403 311 257 771 482 221 805 21 733 822 0
972 383 297 806 741 822 538 358 0
654 307 725 9 127 304 300 961 516 972 901 502 795 921 925 38 257 885 329 100 740 828 339 997 672 798 260 282 644 409 541 0
376 916 464 508 882 199 554 192 919 227 283 956 165 858 719 215 794 454 601 531 472 372 630 0
751 570 464 472 531 422 565 749 449 37 759 524 507 525 653 288 564 711 394 598 738 519 121 418 574 172 10 233 724 340 0
184 197 693 292 321 169 714 265 779 940 6 954 411 563 302 707 971 993 227 884 526 180 561 676 899 196 0
806 132 509 724 794 749 830 43 960 320 807 384 965 220 617 419 585 243 475 109 627 843 502 756 514 0
464 172 114 280 461 699 13 328 839 212 938 332 838 536 670 356 331 509 740 359 215 754 102 521 715 104 598 270 420 0
186 192 356 30 392 260 101 756 384 264 550 501 330 319 331 965 790 341 599 243 608 314 526 736 0
418 630 648 681 767 242 206 827 628 662 301 175 372 864 153 41 410 757 271 230 547 185 863 464 0
676 53 297 861 451 545 703 756 252 801 532 284 438 49 271 843 199 899 769 315 508 78 495 312 220 631 580 853 602 0
87 493 428 116 260 230 184 598 718 687 450 729 798 635 862 390 853 208 345 269 915 280 305 220 264 839 0
279 890 293 696 53 981 982 419 972 464 959 495 344 668 525 172 181 0
419 418 648 121 963 972 271 358 529 977 957 696 41 538 955 290 0
266 509 123 880 989 697 855 377 469 455 614 769 651 68 440 513 339 334 514 309 58 243 190 25 968 981 152 175 976 242 597 967 51 657 109 302 209 294 0
542 868 548 931 477 629 291 472 574 314 227 562 834 790 256 0
845 969 667 935 732 25 177 394 299 758 108 912 18 699 733 88 757 567 481 187 934 243 663 244 649 153 373 0
964 44 64 371 537 99 78 379 554 807 350 936 955 520 202 759 648 876 376 781 548 10 466 474 194 187 688 87 406 0
633 757 94 172 233 185 74 314 567 283 965 297 747 696 362 942 293 957 972 449 299 790 427 324 649 0
935 43 365 6 182 973 394 179 773 990 890 518 230 220 678 300 628 89 465 335 104 344 37 307 733 704 436 383 0
919 767 916 668 339 187 278 463 830 109 245 758 889 965 101 68 629 920 337 635 658 0
785 372 501 199 631 192 204 206 356 446 685 950 341 427 315 135 257 908 78 96 396 60 424 984 146 74 370 136 0
130 595 764 530 304 980 913 110 516 660 936 262 958 131 996 559 791 410 0
570 667 719 343 208 373 213 756 617 104 555 830 747 632 1 162 55 490 628 155 113 883 123 516 348 0
179 197 620 445 111 967 898 650 514 206 796 769 102 670 571 882 112 959 828 41 413 501 788 31 279 516 0
633 852 403 463 598 769 984 74 307 658 70 981 208 913 775 271 780 0
246 216 970 822 299 789 960 515 806 590 461 930 526 650 725 403 248 940 69 84 547 521 113 640 293 592 360 0
191 96 172 64 181 92 578 134 432 212 10 336 685 248 717 482 252 187 111 344 803 197 341 969 57 949 770 0
17 508 538 498 650 759 931 390 121 738 410 290 532 6 427 565 332 758 938 418 606 41 279 341 10 713 836 7 9 939 898 78 0
972 175 758 740 518 988 849 320 136 598 771 394 604 74 529 441 25 670 589 741 493 650 384 0
508 504 740 175 988 574 381 393 391 98 736 912 187 614 632 5 635 864 370 0
494 942 33 272 648 58 10 356 995 105 916 604 907 38 605 314 278 686 94 427 775 370 0
533 202 724 830 288 449 348 220 155 967 187 865 712 391 191 543 94 0
789 270 838 741 996 495 61 186 169 727 278 35 194 474 123 732 34 673 39 579 729 931 82 984 162 982 362 477 478 994 155 0
383 648 864 271 957 982 290 972 41 493 803 370 283 511 181 0
640 185 790 493 292 883 392 165 544 457 407 314 72 532 864 100 475 40 0
689 999 555 245 669 438 15 443 3 344 858 250 16 148 582 885 353 646 441 892 712 305 906 826 39 450 570 942 0
924 559 983 788 265 803 810 777 178 334 542 858 223 840 384 946 310 341 36 845 30 688 995 135 343 801 731 757 362 550 0
981 25 752 498 441 290 422 358 7 999 758 977 37 648 97 454 328 466 181 0
344 452 545 88 970 803 700 538 753 96 403 182 176 6 151 722 964 464 839 422 241 540 180 759 524 0
374 836 427 773 360 775 344 37 770 33 104 419 370 112 771 270 738 717 0
925 544 536 34 847 15 213 273 466 61 111 912 472 410 767 611 454 40 452 194 722 0
617 21 751 405 544 495 619 248 130 585 343 481 736 822 948 153 393 372 960 342 991 517 0
778 790 255 337 44 832 472 6 713 770 8 37 121 746 155 79 570 33 265 919 700 633 290 301 895 323 490 0
248 464 60 814 162 943 33 567 724 103 924 607 951 752 652 350 636 963 354 678 599 785 58 339 0
502 96 658 697 106 173 519 291 305 705 34 23 948 177 52 588 732 126 378 693 283 599 382 224 496 428 134 273 0
300 629 427 606 381 649 366 68 988 364 325 938 577 698 304 420 919 38 419 466 224 571 0
564 730 997 592 725 472 364 144 863 10 346 172 233 883 973 931 898 715 187 192 0
718 185 391 968 262 446 374 264 767 177 227 703 571 320 518 49 577 97 372 145 370 189 450 377 86 0
801 181 977 310 963 297 957 605 344 529 150 869 307 632 923 208 890 464 989 279 0
725 595 945 567 620 50 365 87 498 755 722 377 670 276 845 312 726 529 764 352 958 292 466 0
882 181 71 97 561 452 863 185 8 955 6 374 5 661 332 589 165 337 836 803 441 681 466 724 524 605 0
999 372 177 428 759 548 704 427 324 956 38 94 255 965 929 838 805 890 668 74 715 328 0
648 906 438 404 558 215 347 361 3 827 800 724 965 580 758 610 737 234 68 465 0
907 41 511 953 300 419 839 446 290 963 890 495 968 790 982 757 53 773 10 939 172 197 847 74 758 622 297 0
56 356 880 654 7 744 804 407 44 416 457 940 497 366 239 261 409 771 443 649 388 530 617 768 183 642 491 838 882 5 774 820 59 18 680 369 420 501 765 0
537 89 713 182 260 729 530 828 135 778 237 273 654 517 5 519 169 155 0
290 972 863 864 358 531 775 299 204 381 622 383 472 740 989 939 953 882 310 890 995 822 571 356 25 277 0
939 959 631 208 524 408 314 565 325 628 834 650 255 441 773 747 507 752 916 192 101 0
337 567 997 540 104 907 134 44 299 974 970 956 3 509 503 548 0
273 202 804 649 790 963 44 367 420 661 985 555 650 827 939 307 773 932 260 415 358 366 545 0
717 957 290 307 97 283 370 10 172 422 362 0
544 564 362 452 988 942 381 803 10 74 283 320 503 89 740 290 869 504 255 233 605 33 204 571 532 432 0
270 990 661 394 273 973 779 21 622 551 723 27 335 667 123 895 732 663 220 803 69 538 771 836 636 144 486 391 420 0
37 696 356 863 8 293 288 337 758 995 204 300 427 686 662 939 105 882 370 649 982 919 822 806 314 0
299 532 525 648 466 955 869 271 959 531 165 907 41 381 965 8 281 849 427 571 418 121 441 446 18 428 518 0
939 26 621 119 213 523 883 944 967 164 750 519 553 339 783 667 36 179 230 186 559 408 354 283 924 533 406 0
379 841 950 658 830 131 362 960 15 303 758 909 445 707 449 750 6 443 726 902 319 995 505 949 313 497 695 440 75 0
571 233 929 27 295 18 449 590 59 469 859 323 845 554 502 872 91 187 354 751 372 109 58 599 33 773 0
864 358 912 408 452 984 272 208 968 324 281 52 696 78 828 6 466 58 889 969 849 929 230 0
875 946 177 11 288 724 337 907 894 502 331 475 224 204 494 956 631 601 839 120 988 755 917 311 0
68 348 949 328 653 798 132 698 441 823 228 486 410 598 299 604 334 834 345 43 255 999 70 696 407 0
531 668 33 942 493 869 916 790 58 495 293 622 758 295 494 503 393 498 999 504 381 661 635 518 242 227 0
865 669 959 652 630 186 32 324 987 248 241 179 119 420 731 58 379 0
936 136 942 704 707 272 72 418 416 863 986 957 91 805 469 627 670 273 339 490 617 124 301 0
867 508 565 874 305 866 20 706 488 899 380 292 304 88 360 924 147 851 201 810 293 588 433 562 146 0
199 908 578 150 31 605 256 838 989 169 409 450 773 38 940 907 98 105 153 889 517 32 959 270 250 780 0
91 44 629 940 757 968 418 869 89 989 628 189 204 984 301 30 890 278 648 18 548 7 0
404 15 350 611 475 964 691 694 294 18 959 501 245 935 764 343 823 196 974 719 500 624 210 628 937 423 865 599 478 413 808 877 0
89 198 479 627 482 650 851 887 43 703 446 21 632 150 836 648 108 798 305 746 741 713 117 585 0
80 971 354 255 661 230 418 820 69 865 277 295 527 301 794 565 408 836 531 221 364 872 830 929 492 686 843 49 684 186 0
741 955 41 822 957 529 293 494 297 290 418 181 383 648 0
397 479 94 466 494 373 69 755 888 111 515 441 931 419 196 277 859 270 33 730 507 18 131 959 420 504 803 0
441 790 949 463 78 230 805 328 415 408 91 561 969 376 300 629 284 43 852 25 571 271 565 74 314 652 0
548 963 91 102 543 847 696 939 187 117 170 18 741 570 628 670 538 995 97 396 398 136 633 532 830 416 920 363 669 0
25 700 299 919 397 916 897 449 441 18 393 354 985 631 10 284 493 882 370 6 429 771 523 888 437 686 958 381 934 632 70 132 46 501 0
935 981 367 806 654 438 542 331 771 838 889 839 233 758 7 271 773 413 968 374 803 746 0
246 212 239 87 487 147 171 631 377 353 349 337 509 633 369 372 363 610 394 304 269 279 420 817 172 173 746 345 510 0
731 989 561 312 482 899 293 364 192 341 531 556 5 469 366 736 394 883 354 852 422 204 227 71 523 0
589 988 294 582 712 793 923 550 345 275 381 670 891 870 438 708 847 418 869 143 0
190 201 78 671 757 449 836 523 636 988 332 604 698 113 9 590 696 373 208 887 897 304 532 7 484 507 119 69 0
849 420 780 477 670 501 718 882 663 290 636 364 221 847 767 898 27 0
21 661 965 944 649 888 989 758 635 304 982 713 391 325 356 283 105 953 630 696 924 0
374 501 699 979 487 323 930 486 495 359 194 736 484 210 812 855 887 566 983 769 147 726 345 13 0
663 704 230 897 213 875 548 237 769 767 848 931 89 486 189 257 121 59 589 346 250 445 165 94 550 667 0
331 288 684 121 532 958 7 592 801 845 460 255 543 325 172 913 363 128 640 449 0
981 773 963 105 544 21 988 416 204 337 703 307 18 806 324 715 511 38 561 271 0
792 486 52 383 907 374 103 356 601 729 360 407 889 243 875 724 822 1 18 859 364 895 0
883 97 803 733 663 936 617 514 150 837 189 105 780 566 583 960 953 993 47 926 137 311 343 632 520 839 213 60 401 644 0
365 114 953 719 754 198 57 986 83 881 427 897 813 21 902 101 68 516 867 144 939 297 0
305 43 645 383 811 256 443 551 420 903 310 315 876 831 851 26 63 365 598 897 55 750 543 415 31 803 264 210 627 887 814 424 0
627 634 869 446 204 561 78 469 963 937 495 16 455 776 969 299 925 719 954 76 625 482 130 296 250 449 66 752 669 347 988 245 391 145 525 0
187 244 343 718 694 437 902 503 551 530 831 146 899 43 120 806 632 204 96 307 757 208 40 511 845 69 977 0
839 847 630 719 940 842 136 794 337 622 629 449 170 812 652 567 965 984 102 427 667 181 999 339 957 41 0
330 70 805 996 827 186 696 331 564 543 920 362 668 981 53 189 686 479 8 953 949 869 449 372 297 143 0
504 334 852 537 561 668 533 771 889 366 924 588 898 617 373 605 554 712 920 293 913 0
181 30 373 49 224 374 530 334 713 101 320 58 260 360 392 117 394 325 108 270 114 630 984 11 350 643 493 65 517 121 202 717 348 0
37 21 360 299 516 561 256 537 30 250 848 570 420 631 999 996 507 777 518 112 836 69 756 0
935 71 798 956 839 650 698 342 921 406 325 147 360 172 121 245 917 669 40 812 722 273 474 30 588 525 864 377 0
432 768 302 161 23 259 501 631 489 313 312 377 121 327 754 117 592 798 83 346 532 0
862 297 632 381 982 53 464 165 293 532 531 441 939 288 52 864 25 418 383 648 773 283 370 358 41 0
730 70 520 124 843 929 498 514 935 601 297 143 9 644 492 622 894 686 0
208 831 196 503 939 863 794 354 699 936 963 350 758 588 622 108 297 56 554 68 867 33 325 378 176 104 438 0
220 588 408 996 283 38 822 767 264 422 215 977 524 304 312 757 681 428 392 863 490 570 0
252 722 165 446 280 310 717 601 418 777 887 753 21 201 102 906 683 0
449 383 424 105 831 940 827 919 123 269 373 144 284 554 906 963 570 464 441 724 446 894 848 668 783 0
531 353 451 843 621 3 369 494 936 841 401 92 671 304 46 967 775 580 9 770 0
303 210 33 944 120 623 384 260 678 475 327 357 164 977 370 495 392 386 889 555 293 902 111 136 0
957 291 61 393 934 759 536 197 373 27 427 723 531 111 568 852 561 310 899 767 912 986 839 71 344 715 670 332 366 740 515 0
254 803 97 650 967 113 535 568 684 868 603 221 853 246 971 555 185 750 328 378 585 0
675 343 442 893 735 287 41 429 683 405 811 797 745 786 915 304 554 410 125 710 700 550 140 666 674 0
469 456 271 694 332 80 96 418 445 582 654 20 312 970 226 432 78 138 71 968 466 542 0
668 56 466 150 719 687 751 172 310 783 332 758 339 577 911 427 747 181 176 983 0
349 299 120 822 117 286 431 765 71 960 717 344 177 50 307 502 738 119 121 858 597 798 848 599 0
310 479 635 583 429 540 950 722 840 148 432 958 414 362 167 63 516 995 228 939 303 785 696 469 0
10 307 41 977 538 293 972 381 981 74 519 696 955 803 670 172 806 297 890 370 864 982 5 0
791 822 681 779 741 185 109 872 475 688 661 632 83 924 770 474 849 851 449 144 731 202 0
366 486 1 490 135 345 293 70 436 648 362 428 812 262 343 332 757 946 888 136 0
154 44 945 414 333 175 312 792 382 944 632 579 369 747 509 645 235 763 506 384 375 508 924 49 780 482 818 196 537 377 6 989 363 328 167 0
9 220 601 542 963 199 324 49 345 117 481 477 752 466 684 314 89 757 150 277 494 310 0
293 670 481 446 41 852 989 629 715 838 381 284 363 741 965 981 270 648 358 420 354 220 863 277 890 663 883 245 178 186 984 210 0
36 441 227 486 587 371 445 56 257 862 582 391 123 788 114 950 80 696 449 293 422 374 749 746 984 419 97 321 78 1 543 633 0
957 955 890 297 494 121 982 864 271 381 427 493 529 511 806 803 5 822 775 288 208 0
69 955 956 332 864 798 58 17 806 441 481 963 52 717 320 312 681 452 519 662 464 640 290 0
165 894 749 264 988 556 418 973 654 938 343 585 544 372 46 684 845 227 888 206 177 915 524 550 94 0
524 869 589 372 33 233 449 924 503 446 894 376 418 5 337 939 578 208 525 271 969 849 519 923 988 717 889 165 0
518 769 482 564 999 876 351 870 757 812 91 341 43 144 432 117 939 839 220 310 622 731 940 0
822 10 989 757 648 773 963 466 982 381 939 498 427 955 428 532 564 394 370 0
346 419 463 836 472 717 554 191 7 508 145 422 668 514 391 358 186 177 622 919 779 21 858 733 898 0
189 147 219 495 280 408 858 320 903 965 332 299 490 888 577 312 58 529 982 284 504 345 215 112 759 648 687 78 0
999 334 729 165 330 325 719 428 479 533 392 614 449 466 271 501 495 986 314 69 0
822 972 538 297 806 358 957 741 0
959 238 461 629 953 538 913 89 601 479 398 37 449 264 631 858 847 653 219 949 346 53 889 963 806 177 278 773 958 277 136 409 299 420 0
530 812 678 839 280 278 171 969 492 111 923 357 605 231 707 303 283 653 813 432 307 599 570 61 503 0
601 465 194 957 344 490 484 949 938 788 147 822 297 337 652 628 153 0
419 863 942 916 427 498 752 281 208 25 53 959 724 283 288 344 862 428 279 803 8 518 670 538 648 37 0
381 245 204 567 21 220 464 466 490 109 383 191 916 390 915 958 715 44 882 949 187 0
446 219 532 798 834 479 504 255 957 828 172 33 631 472 422 41 730 836 109 712 204 374 53 30 956 931 650 0
696 332 401 950 678 105 471 746 991 529 300 763 983 883 894 714 990 757 288 634 277 0
577 681 629 372 889 633 570 227 852 585 758 924 104 958 719 571 466 806 956 869 469 94 390 383 38 995 394 74 516 632 177 704 606 0
416 867 185 999 522 881 215 635 652 807 840 997 969 474 230 537 908 801 953 0
314 175 320 215 208 181 777 684 364 531 44 604 757 515 931 953 58 577 828 109 0
648 91 280 358 495 565 538 299 310 227 717 959 564 381 931 197 394 420 494 773 328 929 446 864 849 416 632 982 984 362 281 408 92 995 0
956 221 469 112 219 65 670 524 266 60 78 839 568 888 122 493 655 174 364 926 292 262 124 0
332 198 192 502 715 10 17 741 663 913 245 354 589 681 687 614 18 574 852 331 427 97 564 30 0
362 883 834 479 538 751 356 48 455 563 804 223 420 135 869 838 320 687 548 724 8 104 393 252 182 991 958 658 842 891 109 980 758 864 3 924 0
711 694 984 10 78 965 912 348 842 178 344 699 771 750 949 59 599 80 175 827 650 507 432 0
696 279 773 724 719 939 605 847 650 529 172 564 498 633 288 466 995 105 290 822 310 668 18 957 293 283 25 670 8 0
648 532 295 828 920 577 890 310 969 715 713 233 384 578 53 290 354 393 365 863 919 758 52 307 589 605 0
771 281 136 283 391 320 827 8 663 330 278 630 187 684 935 427 233 531 493 370 981 869 461 0
455 888 599 627 661 695 310 622 974 214 511 208 382 259 84 255 346 58 112 406 586 0
823 108 490 105 51 527 564 171 307 69 842 117 244 378 330 262 176 437 241 143 940 40 580 284 43 411 0
233 112 340 577 863 185 58 364 858 747 635 713 418 775 988 836 622 968 862 242 30 177 332 91 940 663 649 604 0
279 973 571 383 15 487 597 950 417 526 364 460 212 96 766 420 221 0
89 394 822 5 356 314 283 464 942 297 53 208 0
116 843 501 227 18 923 27 30 242 780 883 65 678 507 773 362 256 432 237 888 588 650 5 536 805 0
420 280 101 598 469 422 407 366 310 822 544 862 968 531 839 649 882 6 511 428 215 775 757 0
569 660 105 244 275 155 131 843 519 853 689 907 116 631 367 204 940 454 571 30 181 202 31 578 0
181 775 41 957 419 696 648 297 806 446 494 293 358 538 955 0
806 684 650 428 514 852 522 881 820 223 123 374 174 52 472 94 68 89 178 37 230 633 494 305 284 479 475 255 718 288 210 905 0
325 882 759 89 53 177 424 372 529 220 834 224 293 427 341 803 269 446 418 698 652 199 245 0
595 985 907 171 334 149 800 290 848 36 832 262 747 139 731 614 722 707 19 632 317 307 301 277 0
814 98 37 335 780 760 432 91 237 508 215 608 172 551 174 847 531 374 147 381 658 220 131 795 279 224 164 837 461 783 21 0
663 415 565 898 78 798 598 516 204 712 827 759 410 635 984 957 852 508 956 771 715 245 890 982 719 862 648 839 0
897 629 554 465 146 475 166 173 567 643 3 990 718 859 915 180 356 303 628 342 120 70 503 429 89 0
898 662 9 588 771 346 570 571 756 337 711 592 324 38 202 869 5 767 822 963 923 185 0
237 747 64 903 706 391 343 585 436 393 862 977 46 906 104 241 279 77 761 108 655 398 845 465 671 443 614 910 548 409 0
537 301 33 305 561 845 178 791 238 956 725 960 189 379 703 755 995 921 781 629 210 706 459 297 0
999 242 707 864 113 402 319 73 376 631 686 479 848 832 408 815 33 30 365 0
919 717 337 328 751 272 415 8 245 653 511 280 938 381 314 136 561 362 307 185 803 670 449 794 0
532 827 202 516 668 364 801 278 915 18 191 74 328 281 752 255 747 629 17 920 238 713 479 632 0
102 416 92 919 999 307 409 732 718 836 78 377 460 797 52 365 508 153 264 403 899 472 94 482 0
851 428 31 134 405 170 746 484 292 517 2 404 106 549 585 396 437 383 979 515 0
561 617 516 939 863 175 394 662 882 812 432 630 227 889 801 614 0
78 775 806 89 949 320 5 441 940 565 354 278 495 446 969 314 290 44 863 21 494 570 920 202 312 703 916 0
999 790 662 525 67 951 621 78 702 814 153 492 549 294 886 79 391 430 612 906 35 844 507 0
858 33 113 908 554 921 288 530 97 794 643 381 915 871 715 865 706 59 273 693 291 0
181 888 418 392 280 578 288 290 704 984 507 374 633 52 525 493 648 0
189 9 394 790 842 987 60 374 21 450 769 988 942 508 89 199 704 543 740 482 348 838 984 0
414 930 195 68 274 213 405 837 831 877 715 284 219 968 532 232 418 621 0
988 518 863 53 358 10 959 890 995 598 278 337 531 578 427 668 944 741 52 272 529 452 649 344 548 0
669 548 950 445 636 502 750 406 44 374 262 875 0
492 143 964 469 490 823 264 460 731 68 260 756 872 270 370 858 365 288 777 868 736 320 605 953 911 0
495 7 341 281 822 605 741 622 724 999 181 449 668 89 427 801 52 381 890 383 518 165 283 74 271 955 0
783 183 201 745 888 893 999 990 654 751 587 955 224 926 569 670 811 271 612 683 136 827 245 486 789 951 158 17 0
829 840 29 210 117 760 741 666 13 980 469 262 175 722 35 934 757 226 811 831 115 737 588 788 196 522 0
907 368 58 270 829 179 741 229 448 21 504 590 65 494 841 350 197 830 79 985 267 59 477 502 299 349 0
305 669 380 700 715 370 797 823 295 883 80 30 86 585 724 931 31 407 875 670 703 365 334 281 330 437 915 684 0
767 21 741 330 750 384 503 172 518 432 525 738 299 17 981 662 864 751 0
811 582 795 636 719 802 343 332 965 518 598 221 301 841 71 411 996 23 357 761 441 56 931 166 98 0
738 527 279 128 718 601 645 114 341 887 415 913 629 364 337 903 944 875 722 47 0
60 237 498 112 632 78 37 26 98 967 337 944 986 771 712 358 178 719 392 972 0
185 150 999 890 544 493 650 959 919 204 452 494 288 519 806 984 52 498 794 939 752 989 988 981 0
944 91 890 631 681 704 577 516 44 894 479 185 775 972 376 864 362 300 713 0
227 427 502 808 514 38 351 324 344 484 117 920 883 41 670 256 475 960 102 803 864 381 614 314 640 652 0
670 204 931 806 325 955 452 112 271 469 681 37 466 920 52 995 929 299 544 643 907 561 280 177 0
662 715 174 78 779 286 266 371 35 272 969 216 533 219 134 30 563 711 521 454 331 973 70 167 921 401 0
146 535 55 791 493 390 590 643 642 480 565 839 303 51 764 269 429 712 481 151 376 952 738 891 514 866 273 956 817 224 646 366 656 13 0
544 40 845 752 264 881 18 903 996 208 523 990 767 713 577 598 548 944 0
738 472 8 627 942 648 415 519 228 312 176 517 749 403 195 809 256 525 630 0
192 704 145 698 633 544 173 230 711 264 757 472 419 415 452 578 295 495 888 219 606 354 0
614 79 10 943 281 823 185 254 757 419 142 238 663 252 496 212 484 924 686 708 0
416 492 391 965 881 257 544 940 788 570 484 974 101 40 56 446 466 279 281 687 102 750 997 987 694 652 704 0
195 817 742 314 379 989 419 13 98 387 411 715 64 255 562 40 228 874 611 910 85 517 97 246 950 662 0
592 215 662 273 938 888 346 337 547 783 469 553 64 199 123 165 192 169 137 197 459 121 0
649 299 882 340 52 427 803 995 290 185 328 629 955 9 58 272 747 696 362 307 982 498 968 341 381 494 0
9 372 663 592 670 197 938 862 640 446 773 968 757 393 91 953 346 538 759 924 571 507 5 963 97 310 939 279 301 732 0
601 283 711 208 398 290 640 191 109 965 224 420 503 102 153 301 394 297 724 827 0
424 795 175 868 401 813 527 706 653 588 387 122 977 455 840 161 909 115 364 472 746 482 802 525 290 0
183 250 519 70 578 736 465 401 524 554 887 849 195 929 58 965 208 986 192 0
8 345 915 74 94 215 6 109 564 337 996 779 41 86 916 391 464 97 578 828 773 973 410 738 233 390 924 0
515 620 616 253 952 645 528 11 728 130 518 378 48 201 286 569 929 152 44 556 155 0
999 186 862 622 194 888 181 185 883 649 362 191 845 898 123 836 889 230 37 577 938 524 906 454 204 0
962 703 188 751 958 976 251 440 436 750 208 359 672 785 410 170 123 103 201 967 673 49 774 27 19 134 794 0
567 574 738 479 52 271 364 956 794 495 548 972 749 869 801 939 863 279 0
740 503 409 979 714 696 455 419 283 555 74 244 46 456 863 354 982 694 9 64 36 897 577 604 875 422 155 110 413 644 136 671 0
124 851 474 951 749 798 852 398 152 571 883 779 46 813 52 979 757 1 92 501 527 71 0
145 490 775 905 598 834 916 601 617 365 181 970 749 910 117 711 851 944 44 640 61 565 0
953 931 433 582 939 685 123 237 561 301 523 697 820 530 219 375 804 310 400 648 304 171 0
822 466 384 564 968 415 283 670 432 10 515 310 334 498 245 631 109 715 121 410 617 0
464 290 53 661 384 78 52 279 822 598 295 803 358 58 409 0
358 806 972 419 529 957 890 775 822 121 0
293 390 277 923 307 719 449 740 662 972 181 532 165 6 290 7 0
170 173 649 812 862 53 324 604 778 98 424 864 449 931 704 206 155 652 228 111 827 295 940 332 69 88 741 876 0
529 191 372 340 955 307 553 785 758 867 17 429 64 523 373 315 119 714 65 86 364 136 0
279 441 790 968 773 358 801 696 370 504 390 598 849 58 629 165 300 741 888 912 564 668 373 972 982 0
700 537 889 250 588 198 124 164 491 676 689 959 113 0
297 314 752 464 957 696 25 307 939 890 418 172 394 977 511 449 495 358 150 773 52 370 538 10 446 53 293 374 806 208 862 441 0
277 531 53 529 532 300 999 519 374 942 281 441 89 344 649 242 0
381 495 529 394 724 441 696 165 464 959 803 525 25 972 622 74 418 181 532 307 775 0
325 507 668 775 741 89 713 957 337 165 752 919 10 390 862 984 944 307 617 989 427 328 0
847 955 370 939 181 89 121 356 982 165 297 374 740 864 773 394 511 801 7 989 0
917 344 574 14 456 383 790 400 170 939 215 876 969 245 154 565 61 264 330 37 671 569 198 548 553 741 204 0
775 696 822 383 511 538 955 381 648 963 446 358 288 208 5 972 53 310 293 0
370 358 547 592 7 525 662 838 9 635 730 424 723 494 410 495 0
264 854 859 419 301 383 888 362 504 776 790 262 477 664 315 547 392 721 201 247 424 41 901 571 737 475 0
146 834 555 554 457 486 171 492 695 291 416 585 756 814 619 148 671 185 551 248 340 481 463 579 0
643 912 522 535 741 702 242 723 712 703 779 174 145 617 670 931 929 254 863 662 730 137 432 437 378 0
358 806 822 957 972 181 538 41 383 529 0
811 595 441 331 173 414 259 204 655 112 527 375 718 239 789 222 858 438 911 185 0
41 741 822 181 538 383 297 957 972 358 0
790 876 508 238 384 88 310 92 10 622 187 341 25 681 250 89 418 771 942 256 845 271 516 0
270 516 396 102 531 741 199 98 617 196 407 122 663 910 913 328 820 798 143 644 608 758 151 368 279 9 0
806 288 181 822 41 648 529 741 538 383 290 957 297 358 0
713 868 970 464 659 78 430 489 768 449 590 974 574 396 469 976 280 557 0
548 419 165 633 288 758 408 511 564 493 650 255 299 344 373 94 101 882 828 454 446 197 643 341 0
866 243 399 232 284 358 640 895 175 90 89 686 812 668 763 919 48 196 991 145 266 717 602 270 59 299 694 349 556 161 770 926 758 0
972 383 0
971 494 451 421 245 219 728 515 516 84 306 550 686 996 836 27 666 104 282 945 707 889 79 347 0
446 982 25 849 939 279 741 605 564 668 307 972 344 538 374 944 418 963 907 648 794 890 862 0
801 441 999 668 464 959 741 632 446 172 775 25 307 279 977 418 208 531 0
233 495 525 428 806 972 418 341 370 605 862 10 441 381 37 519 822 0
644 378 155 171 984 379 921 931 288 348 841 69 244 307 770 123 919 934 131 571 184 935 463 832 0
406 315 827 532 137 755 845 27 202 475 988 116 321 290 867 135 876 504 384 492 114 325 0
548 328 912 7 278 713 301 981 464 604 346 25 18 771 838 362 982 686 432 381 454 290 272 0
221 69 454 523 507 429 570 18 465 273 834 935 472 143 668 875 783 556 778 498 438 0
977 895 698 972 256 403 752 683 83 781 688 673 40 254 257 582 130 362 178 209 955 244 0
864 939 670 283 181 740 981 605 963 370 293 531 803 890 668 519 418 957 0
553 7 788 61 240 673 119 427 619 419 544 264 649 734 749 254 520 153 446 356 469 827 904 236 625 174 350 561 417 341 897 0
3 586 922 144 732 714 428 43 995 801 226 517 733 693 764 852 808 628 292 815 365 78 0
822 538 41 293 806 297 121 890 775 358 494 418 955 290 0
210 7 808 208 219 649 949 704 529 44 971 213 331 220 354 959 752 202 307 165 89 366 0
362 479 337 381 418 704 578 963 577 564 982 208 9 724 255 977 503 272 341 0
30 496 699 977 493 862 649 349 68 887 891 607 5 191 529 783 56 438 714 158 273 606 374 335 834 119 0
862 446 740 10 288 803 773 972 511 293 494 622 307 696 632 495 271 356 181 297 493 959 957 939 806 358 0
321 999 243 250 215 827 121 184 777 895 205 409 176 849 144 663 842 582 109 262 515 208 384 958 446 773 503 648 888 396 87 146 0
987 570 861 649 416 434 315 132 80 19 754 872 244 568 409 151 835 984 272 778 479 342 36 0
495 801 222 694 765 450 115 697 55 742 135 781 3 845 667 249 357 599 752 0
650 832 443 381 991 105 779 804 673 419 383 760 55 731 923 747 875 646 59 895 72 629 916 788 394 781 635 0
132 446 74 310 465 554 518 724 911 868 537 264 351 150 102 8 49 890 124 842 636 366 736 0
208 449 288 495 121 758 25 324 94 441 18 293 52 498 531 7 281 390 337 493 511 890 307 578 0
9 297 449 494 479 973 299 757 588 511 751 923 752 516 481 233 40 898 262 0
191 801 911 130 958 291 279 502 687 84 512 542 305 132 996 951 0
185 984 176 68 741 823 973 179 429 997 929 663 940 409 798 178 757 30 173 632 875 622 912 694 864 256 495 396 128 262 905 311 208 797 0
297 358 724 446 741 532 507 773 977 849 864 648 989 963 283 965 828 383 775 622 803 822 10 418 185 757 370 0
923 822 208 370 999 864 419 662 242 507 696 52 564 984 794 464 5 747 828 33 356 504 278 790 0
853 104 849 177 437 405 540 762 902 139 513 831 519 818 583 908 352 6 0
180 233 199 808 881 537 169 277 100 405 585 968 556 56 601 883 469 131 670 65 256 367 0
923 7 466 757 428 165 277 495 890 374 724 907 383 518 33 977 181 529 324 8 571 939 0
51 864 179 544 312 676 66 285 260 190 843 564 789 725 746 457 9 699 778 577 835 670 3 873 631 493 0
585 822 41 532 52 712 74 272 33 653 717 617 984 372 756 907 504 953 888 598 752 366 0
965 577 507 418 74 924 740 606 324 944 493 724 358 427 968 598 894 281 38 233 41 759 890 806 758 328 622 441 801 0
299 381 704 803 356 418 493 472 9 839 300 570 102 944 293 297 503 280 325 508 18 585 838 10 696 633 74 344 0
424 570 475 926 394 612 441 985 35 851 411 771 64 162 910 888 406 56 729 864 817 611 0
7 981 670 181 428 493 703 564 441 332 938 283 381 949 503 712 898 314 136 847 370 718 0
464 452 543 143 929 771 469 189 297 736 450 503 589 773 147 963 920 173 328 907 903 0
588 106 88 775 946 698 94 630 670 396 231 843 457 210 923 428 418 393 622 931 805 578 565 206 0
498 869 271 794 617 324 233 394 314 383 622 968 494 358 724 18 208 310 8 648 775 297 741 670 801 307 0
266 343 234 422 722 111 794 999 944 310 14 841 564 618 113 314 205 630 676 397 941 764 996 148 721 402 431 413 653 0
441 7 332 847 145 806 279 494 97 630 460 464 801 898 907 422 567 334 622 376 331 924 812 529 307 30 363 548 0
531 981 493 982 703 889 422 757 78 307 839 370 272 337 0
427 741 529 648 668 538 307 957 271 356 165 394 740 981 418 493 344 923 5 283 383 374 495 955 531 0
547 245 548 950 920 358 509 192 842 32 963 643 919 284 38 507 293 862 101 0
757 432 40 38 486 791 718 746 299 712 935 170 482 628 177 49 997 370 852 88 460 635 955 396 0
822 208 963 419 418 293 181 358 283 696 271 955 310 441 957 494 806 741 0
779 617 469 750 5 628 533 463 109 828 242 121 424 89 982 653 740 279 920 271 0
185 105 585 104 337 805 301 836 181 390 532 988 968 230 419 758 299 548 827 9 907 747 794 370 741 310 972 33 0
334 169 151 897 601 204 155 715 362 771 630 775 866 688 351 979 969 162 120 237 407 752 0
101 959 590 374 415 686 173 827 452 172 963 89 503 365 938 640 588 889 920 890 544 538 271 479 0
10 61 56 569 46 836 102 237 760 887 202 146 614 598 184 350 314 837 150 773 52 520 628 667 137 269 701 921 0
870 636 516 946 973 629 91 831 797 88 380 295 475 706 344 836 422 771 441 354 68 929 25 955 277 661 0
233 186 511 939 454 834 230 472 989 938 538 531 913 838 366 890 320 206 358 732 805 360 0
796 407 374 745 17 48 139 331 611 747 432 997 61 540 190 224 588 368 452 416 502 325 0
301 617 574 272 58 245 307 724 208 288 681 604 117 70 256 717 733 0
290 775 668 968 41 307 449 862 670 989 622 295 834 320 847 544 511 741 101 713 5 956 963 283 643 0
67 194 397 327 750 312 598 22 865 329 825 107 364 839 606 190 143 77 18 164 469 564 936 371 427 55 0
803 181 172 394 519 446 279 419 441 53 670 752 374 493 165 741 806 511 418 0
88 204 132 104 888 49 717 699 394 450 424 123 173 494 169 746 601 958 703 669 415 38 147 967 78 493 792 738 668 167 69 179 284 0
297 383 972 0
13 883 507 181 191 617 527 719 564 237 271 980 705 215 194 192 461 428 685 884 997 407 319 807 283 501 0
70 756 590 446 940 955 604 224 89 38 243 531 935 192 415 630 461 269 939 464 516 652 102 532 372 508 658 920 775 567 632 366 175 564 502 0
560 661 523 328 306 602 205 883 248 496 578 837 527 982 723 321 652 663 275 700 246 379 984 242 834 567 517 808 769 591 0
374 696 383 890 18 74 466 862 806 525 52 427 995 957 290 955 529 965 41 394 165 89 0
741 698 381 432 172 715 794 938 173 684 740 711 617 8 189 999 838 372 295 376 89 0
495 511 452 836 374 668 988 324 58 25 585 604 362 10 863 230 571 419 358 0
696 953 277 717 903 531 37 794 393 242 858 758 332 838 370 524 331 325 801 606 643 0
376 392 847 340 525 495 924 94 717 504 383 293 466 635 561 920 519 919 362 957 822 185 0
72 397 121 170 248 700 778 911 87 6 175 70 950 390 601 108 498 132 592 511 790 867 452 378 272 548 620 679 315 0
977 131 604 985 422 760 841 837 341 790 851 845 112 723 905 460 469 562 635 849 503 248 121 0
184 667 723 364 635 393 868 931 707 714 967 839 303 915 729 783 602 320 969 511 654 386 87 176 305 377 646 508 949 882 934 865 53 509 795 0
864 297 121 495 381 532 5 290 648 977 288 939 418 344 208 419 519 0
652 990 17 585 305 271 711 588 919 270 903 187 394 648 590 231 202 323 955 474 924 790 972 0
301 571 242 89 839 109 78 272 827 531 999 890 121 150 894 181 320 6 394 177 544 957 929 390 466 981 0
271 41 344 172 758 381 185 981 419 963 362 719 890 995 531 105 864 25 394 519 907 882 356 959 493 972 0
982 972 803 538 441 668 208 307 290 310 5 775 939 370 724 518 279 74 494 622 418 419 773 511 0
40 836 938 177 755 272 171 929 853 494 347 13 469 619 727 443 877 242 74 200 124 875 968 25 0
498 907 847 794 121 493 272 472 454 504 529 564 518 622 344 293 972 988 495 741 775 0
441 277 858 916 53 341 469 102 460 903 995 848 775 504 518 842 667 173 17 356 0
374 408 923 635 554 9 601 58 424 629 179 805 40 924 842 208 731 339 111 344 228 653 836 897 281 507 0
356 567 474 883 242 26 169 875 905 220 209 151 331 71 86 712 780 960 839 527 368 908 718 606 602 186 56 0
670 668 184 374 662 293 74 441 897 788 109 649 202 446 136 749 929 87 372 752 86 69 537 780 466 0
293 822 419 297 972 121 806 741 890 288 290 648 529 358 0
950 790 822 834 555 117 851 654 443 184 797 973 861 631 778 11 264 407 55 813 475 836 835 243 703 520 935 0
972 0
944 5 999 204 882 372 747 849 383 836 640 578 806 696 94 452 801 715 121 197 97 301 847 281 775 358 58 0
512 138 484 357 523 566 224 429 580 606 514 148 36 320 938 396 841 120 89 310 98 185 495 8 844 77 815 168 881 190 37 520 0
436 837 805 111 381 834 351 223 569 324 931 722 408 288 707 863 46 194 767 384 981 749 202 714 517 955 0
40 583 779 264 134 186 736 849 724 758 358 910 852 184 733 688 280 46 106 986 407 206 656 889 237 262 0
84 897 307 958 186 97 556 646 680 617 164 773 861 223 376 48 25 357 184 887 135 138 789 171 161 168 353 484 299 151 249 169 296 100 325 0
475 112 956 929 649 311 72 938 950 708 313 401 510 35 241 4 619 590 52 215 135 351 566 925 44 923 16 465 80 698 255 977 102 276 732 434 990 440 410 0
741 37 668 681 341 511 290 538 758 942 427 504 670 525 288 953 955 794 7 383 988 775 208 0
969 741 773 78 963 713 300 981 392 649 508 38 681 977 428 719 446 548 838 529 889 277 97 949 0
858 923 495 715 7 571 519 381 713 836 869 633 25 995 649 531 71 912 532 464 446 74 847 0
41 977 704 150 320 449 452 504 924 751 394 756 758 324 7 752 464 233 0
741 297 381 532 740 418 538 519 605 290 427 293 752 724 890 74 696 344 982 10 0
170 630 542 100 38 934 536 159 61 73 726 461 25 547 504 343 932 993 450 0
916 790 585 622 390 481 780 839 635 707 953 98 648 564 653 912 288 578 936 419 102 527 132 0
374 242 783 845 812 777 890 86 578 931 780 450 769 215 633 481 460 484 630 915 903 862 913 985 345 206 698 277 0
358 43 828 912 479 635 696 408 454 852 98 5 10 272 297 328 264 6 325 504 86 0
341 991 538 459 587 169 506 204 845 386 259 602 913 861 982 166 271 25 176 655 760 755 139 527 697 789 622 785 0
373 418 561 996 320 310 535 250 551 648 608 994 950 915 781 902 730 191 242 23 503 300 182 0
837 622 150 981 265 806 950 983 403 670 890 52 63 33 394 543 89 372 508 923 0
124 65 148 868 270 492 114 545 172 727 487 636 893 931 92 171 272 949 498 712 1 373 0
537 105 585 989 984 80 150 256 957 791 977 220 527 872 192 337 340 696 719 751 215 363 330 71 783 210 604 384 281 942 227 898 191 628 0
438 205 269 898 521 818 985 195 494 78 899 673 579 587 805 520 204 956 843 889 410 59 827 901 101 628 0
751 578 145 649 14 304 589 789 711 599 644 460 633 683 679 105 986 233 71 19 579 750 564 335 197 0
633 165 353 935 715 577 275 707 614 582 684 803 366 272 397 36 631 629 278 0
987 715 255 758 770 353 210 245 220 325 939 570 953 441 919 822 681 713 751 86 366 145 515 777 424 0
869 358 965 822 507 907 18 373 912 532 427 271 924 650 8 567 741 290 197 419 995 0
192 585 493 374 779 275 658 775 344 6 984 219 198 310 898 590 882 463 307 0
74 757 370 21 511 281 52 532 571 959 92 681 650 504 715 984 955 912 30 686 420 903 37 227 756 441 773 208 0
912 380 98 924 114 543 33 409 464 275 356 374 351 325 422 0
281 290 642 974 805 57 996 731 794 823 19 660 762 109 556 884 72 399 787 539 526 443 673 966 501 0
631 264 957 186 870 863 30 777 524 601 80 589 475 986 173 25 981 731 658 0
999 732 305 460 186 908 189 621 654 757 828 124 422 116 194 174 152 221 122 650 698 376 362 822 960 707 474 964 526 0
301 775 741 466 503 622 999 847 571 384 703 864 97 37 272 299 112 903 617 374 18 858 354 849 649 650 181 0
464 277 889 427 38 858 344 304 972 428 281 469 498 297 749 968 696 890 150 325 567 995 565 41 0
657 140 470 114 921 817 555 236 707 12 233 328 336 935 630 907 945 865 147 91 0
383 890 494 290 648 41 806 358 741 957 293 181 297 972 288 0
696 494 957 529 972 41 806 741 121 955 297 822 648 775 0
858 503 394 717 185 963 466 358 862 907 565 968 328 715 230 578 418 773 758 0
636 811 806 332 582 221 561 649 577 348 607 578 8 963 26 179 829 64 187 949 605 14 88 932 611 18 570 7 496 952 0
341 197 605 25 494 283 538 801 963 890 869 307 632 995 94 953 288 394 662 37 0
346 505 913 704 578 509 808 701 15 767 47 782 333 130 322 681 645 733 638 197 0
91 942 508 686 622 972 953 383 94 6 704 0
788 63 194 220 973 851 640 590 305 657 239 643 711 415 624 501 784 52 244 970 980 852 936 301 926 0
38 677 906 470 760 853 625 123 958 262 848 818 788 216 859 972 255 806 762 494 363 604 905 763 884 642 922 450 0
5 972 464 511 864 297 383 121 605 803 519 441 53 495 293 41 955 283 939 982 648 890 446 0
293 864 982 529 307 418 121 493 532 370 283 696 427 670 165 724 806 511 53 0
942 935 888 288 102 173 622 418 177 38 165 732 30 986 696 348 554 757 0
738 172 812 460 909 367 15 205 859 161 953 74 310 115 711 883 145 478 96 830 521 448 633 0
899 970 642 543 908 473 822 74 356 313 101 486 619 888 198 560 210 669 191 868 359 634 694 599 276 687 725 0
953 428 230 662 757 74 419 358 300 668 643 963 53 715 794 756 670 511 696 452 984 8 6 33 704 0
337 982 694 730 993 299 77 51 15 490 114 232 393 803 970 422 804 916 650 178 0
88 6 955 346 930 929 240 792 529 883 488 811 763 219 275 116 94 199 0
748 77 290 746 6 418 497 630 930 589 274 545 16 318 762 710 626 29 742 2 67 139 822 0
441 959 518 337 452 165 255 667 172 882 206 968 633 71 189 288 53 598 390 847 0
996 376 732 532 105 533 779 482 464 724 194 224 957 78 648 686 650 314 250 822 102 460 547 973 0
340 189 663 256 770 299 561 910 531 827 773 88 865 511 185 220 145 731 109 179 150 529 686 968 121 0
26 469 323 771 409 773 701 917 868 598 881 400 550 697 111 130 123 117 15 515 60 297 970 3 915 934 811 0
23 502 275 238 843 837 727 730 757 186 340 628 495 588 327 488 245 982 884 629 950 969 178 8 0
271 419 293 495 529 977 358 288 41 752 418 890 121 668 25 511 283 383 955 0
829 400 526 631 718 271 128 979 151 907 66 619 399 551 939 571 293 291 186 234 738 926 177 763 755 508 523 0
707 49 335 72 701 706 531 746 353 805 714 243 913 360 304 145 671 631 979 810 413 406 906 0
347 626 939 898 336 729 678 975 342 930 323 818 951 804 794 585 812 313 745 23 148 740 226 298 976 783 813 834 573 21 0
243 838 10 503 960 58 490 452 381 372 437 662 519 723 944 770 256 324 670 94 769 919 515 346 0
290 957 977 963 741 418 358 775 806 670 121 822 890 494 297 271 310 0
456 307 389 899 755 916 241 634 825 44 272 736 166 538 287 374 304 237 351 553 108 498 115 488 349 40 97 779 748 766 0
685 166 173 59 484 893 374 445 182 827 130 660 717 55 305 830 460 999 565 37 226 925 340 525 727 698 57 0
989 959 172 890 89 290 803 293 622 181 632 271 150 25 982 428 370 344 529 5 7 419 923 801 52 0
441 960 750 314 514 10 604 373 747 300 384 929 515 71 723 537 381 965 257 262 264 989 150 684 482 803 0
503 733 527 113 630 561 419 324 351 718 174 57 265 521 837 304 669 845 721 820 139 598 650 0
53 944 957 955 150 418 297 803 882 696 907 299 310 428 989 290 449 752 511 0
341 557 603 757 971 770 147 597 719 662 604 848 119 340 836 650 262 819 83 70 150 530 886 842 854 349 696 196 726 0
419 633 741 449 370 862 681 383 696 233 719 923 121 53 999 849 864 493 37 472 953 0
907 406 630 532 899 658 320 312 94 759 995 852 490 516 565 694 808 479 205 181 145 686 343 643 551 137 284 865 209 0
779 761 356 971 648 715 780 842 567 390 864 876 509 241 103 863 377 343 324 273 632 238 935 661 529 278 788 250 411 25 466 940 199 656 0
679 649 950 377 305 342 863 64 939 780 8 533 617 11 778 796 823 288 588 514 372 564 604 0
204 560 899 547 513 398 780 669 877 421 968 567 461 479 715 957 176 405 688 0
912 749 670 687 621 420 920 3 837 71 949 667 808 790 868 628 164 125 684 337 148 344 0
629 622 272 10 109 278 415 944 277 204 888 9 864 293 197 41 493 749 92 479 112 718 578 416 711 372 328 192 757 0
989 882 758 956 301 944 172 525 38 661 5 341 836 652 658 759 981 340 628 25 165 794 515 803 18 390 370 192 801 393 567 972 381 0
473 476 428 153 309 887 57 327 313 773 76 77 835 772 365 46 382 724 159 959 102 879 843 652 743 536 0
750 341 798 449 192 245 589 628 803 52 230 828 330 172 374 956 740 37 0
668 441 806 358 957 519 419 696 271 977 418 297 446 121 972 538 283 41 752 181 208 0
493 719 897 27 574 384 257 206 585 958 428 565 348 640 78 628 466 202 418 791 264 242 0
279 942 668 806 293 955 670 794 181 890 822 428 864 394 204 374 288 632 863 358 724 383 0
718 810 340 543 649 448 583 959 114 972 592 173 714 224 736 548 549 129 0
177 254 299 114 883 959 115 136 851 199 353 693 496 957 519 420 522 737 569 60 991 898 477 658 921 486 977 0
999 340 293 449 571 185 907 78 988 314 525 888 89 681 805 301 717 278 790 758 418 548 747 0
187 550 890 730 482 104 369 817 274 634 602 258 440 39 565 145 206 784 798 376 519 678 656 43 130 587 411 429 0
558 610 324 420 221 219 341 487 577 927 588 410 852 525 201 310 537 9 942 459 0
564 849 233 965 752 381 518 907 862 297 939 740 25 668 52 271 801 999 803 89 418 279 277 165 310 953 0
103 840 105 40 722 569 516 78 323 911 602 260 915 868 864 711 409 102 148 288 631 917 834 981 390 292 531 852 678 0
997 360 89 548 344 897 391 955 863 10 17 307 687 820 530 894 5 640 407 996 801 60 567 492 0
895 143 606 121 899 668 307 436 869 663 320 185 601 849 919 920 724 514 170 588 304 262 687 985 518 0
787 164 550 645 526 264 216 801 187 200 628 399 255 614 37 492 78 746 919 165 69 819 97 125 502 826 788 176 551 0
875 958 982 128 684 533 750 305 493 507 915 968 260 863 872 532 112 463 942 746 869 577 429 950 839 101 650 299 0
262 6 278 210 117 829 454 17 669 944 340 34 178 446 763 31 83 363 406 636 387 771 518 151 923 569 950 617 0
279 751 715 150 773 328 504 74 747 204 97 393 511 907 392 953 719 578 981 104 301 567 0
883 959 209 688 111 372 890 564 741 845 320 988 627 669 99 749 354 242 997 695 44 0
277 279 662 454 408 532 822 30 41 479 965 288 803 949 312 427 658 862 208 882 9 449 956 328 958 101 494 446 972 696 0
250 741 533 25 373 847 215 307 957 687 537 684 643 508 658 422 987 519 916 420 972 985 288 831 0
457 348 818 655 763 822 426 947 205 51 575 107 286 289 452 724 828 183 961 314 500 564 674 544 773 233 371 16 838 811 215 0
464 21 97 245 52 863 238 828 538 920 798 831 989 894 5 70 617 185 112 275 68 219 0
244 834 470 237 653 607 821 102 719 655 779 882 416 685 604 874 964 103 41 838 692 443 179 162 906 788 252 261 0
242 479 272 698 227 606 238 704 538 839 738 989 719 452 112 121 757 965 805 777 912 864 92 415 732 101 41 366 0
488 313 11 269 277 306 100 794 555 111 177 622 888 785 542 847 745 56 511 0
536 881 303 797 995 380 522 827 746 565 414 381 474 269 502 871 71 205 61 685 171 320 182 955 0
792 117 769 602 212 858 300 52 376 116 124 252 835 56 324 905 789 635 636 459 555 243 295 965 380 316 486 0
834 374 852 989 102 681 364 890 724 533 89 740 942 38 561 525 441 393 718 320 384 189 486 449 381 806 507 0
335 636 714 384 150 540 794 59 191 796 13 359 8 908 668 297 179 212 122 681 53 0
337 424 185 723 494 72 291 738 300 949 503 452 377 511 567 507 192 187 269 10 111 872 520 143 778 633 0
890 53 383 288 939 495 972 310 293 358 741 803 121 519 381 775 511 977 41 283 532 648 464 670 0
181 383 288 741 529 972 806 822 955 957 293 0
670 181 271 775 977 293 297 963 358 290 529 972 288 494 0
769 730 208 293 678 604 11 176 179 446 915 165 988 631 543 876 60 111 523 801 986 10 590 803 912 635 0
293 514 199 996 407 7 509 835 813 184 797 204 31 827 545 678 906 653 644 729 206 517 579 807 52 205 422 346 0
281 279 972 989 668 300 283 181 277 493 999 959 724 519 381 801 418 8 632 862 495 957 446 803 775 341 0
663 670 283 173 809 405 976 964 87 434 94 956 35 731 183 387 272 33 17 381 0
779 406 121 958 550 603 617 226 100 746 30 813 385 325 288 684 894 541 342 587 670 521 866 365 950 6 264 612 506 407 457 986 0
707 999 469 123 121 221 220 812 304 923 18 8 454 958 71 792 419 858 570 527 0
9 995 7 238 25 204 420 730 10 177 330 132 449 903 272 269 432 670 498 578 366 862 304 245 731 271 812 0
418 869 278 577 670 277 181 297 585 511 836 643 495 790 803 271 633 504 916 719 965 681 105 578 469 281 741 230 0
466 449 532 428 519 299 869 6 37 493 293 668 370 648 724 972 822 633 907 307 942 0
563 393 855 495 913 944 513 841 502 110 10 19 763 551 327 631 777 963 630 759 258 173 0
588 706 686 273 801 184 649 934 738 910 46 830 968 348 861 516 813 518 0
293 519 981 531 741 466 923 495 362 464 775 571 988 564 773 803 279 74 939 0
358 320 863 165 713 507 629 888 370 715 511 105 233 283 52 314 757 0
852 912 469 204 578 358 667 255 38 245 340 906 224 632 533 614 179 686 328 441 888 730 924 91 170 905 409 0
667 452 459 655 106 248 854 562 939 890 170 297 193 820 646 440 956 852 422 932 701 694 17 970 779 137 186 58 2 51 227 746 344 407 74 0
290 696 977 963 648 957 381 806 529 972 293 383 297 181 822 418 670 0
761 181 373 663 116 37 531 312 544 894 383 509 422 841 806 0
749 781 946 676 803 198 654 69 523 460 919 504 564 469 698 509 292 514 406 135 199 492 614 370 5 760 0
5 915 299 362 277 328 571 132 356 724 393 650 516 547 903 373 272 719 957 502 0
10 204 185 38 300 325 632 924 21 288 390 957 272 724 758 944 25 202 71 384 939 337 686 410 589 548 0
713 740 78 519 751 752 331 862 441 370 931 219 670 10 661 759 508 427 518 958 320 307 74 806 640 37 704 0
820 972 967 238 59 614 384 8 858 80 295 88 959 794 849 882 687 307 791 187 752 955 551 864 668 189 0
283 441 297 25 418 864 982 307 53 803 121 172 370 724 529 41 605 383 10 525 293 696 0
419 297 494 41 418 25 121 283 344 890 5 310 741 955 271 0
668 783 390 493 687 5 592 989 842 971 270 415 53 940 633 37 577 663 875 684 147 403 0
390 117 350 244 144 303 325 921 550 960 915 646 509 41 940 0
256 830 684 931 271 959 498 514 38 172 194 463 551 132 582 986 469 9 307 0
923 102 648 578 916 418 17 564 373 199 515 681 977 863 223 427 956 121 238 577 362 394 37 890 741 279 92 862 21 740 441 687 718 508 353 33 0
949 567 965 503 6 331 889 955 469 704 938 894 571 507 498 598 864 959 53 585 172 648 464 420 794 888 622 104 0
822 668 418 670 383 696 208 803 271 648 10 806 172 531 74 977 511 724 0
633 419 953 367 911 831 202 358 288 372 151 155 986 18 494 783 741 515 377 89 418 684 621 974 940 602 362 196 864 509 939 533 275 679 882 187 0
643 670 919 320 330 307 524 662 801 407 629 117 605 935 150 409 101 5 548 481 912 38 740 836 969 751 393 631 515 985 281 0
726 236 907 456 892 915 2 623 331 421 694 229 783 397 234 510 973 420 147 113 712 185 967 55 280 0
972 383 806 957 538 358 297 181 822 290 0
413 117 121 17 525 740 427 518 654 620 746 460 582 516 11 206 30 905 812 718 899 585 281 519 228 630 0
208 283 670 25 605 344 493 370 494 511 441 752 419 288 775 957 822 955 538 696 0
955 344 648 53 538 741 297 890 383 419 696 271 963 41 775 208 957 670 446 25 752 0
320 633 464 504 653 422 173 525 981 929 89 508 977 204 104 507 578 503 696 912 0
736 150 967 170 707 679 629 502 498 169 932 128 343 692 311 173 676 926 813 570 246 126 14 259 117 943 684 439 571 158 12 102 341 0
479 407 177 556 686 111 182 722 658 494 257 398 509 150 832 506 585 271 262 197 703 791 244 895 360 0
384 449 340 661 751 300 437 328 797 798 354 652 870 906 605 348 995 324 256 227 7 153 949 848 944 953 78 749 0
5 668 585 227 730 834 69 461 779 681 703 383 598 363 898 271 337 987 255 548 197 648 283 939 150 888 712 0
383 297 972 358 0
617 109 729 876 565 332 499 370 376 401 140 235 293 110 479 312 692 247 478 630 357 693 342 366 702 283 230 677 813 773 0
179 957 519 838 466 407 424 406 760 191 887 504 428 550 143 514 495 86 312 117 396 981 60 517 982 248 270 985 0
963 950 6 442 807 624 980 605 465 256 157 794 324 902 763 131 770 313 300 776 557 343 979 927 712 0
582 704 228 617 564 103 273 391 356 614 883 479 432 890 372 340 517 696 354 831 21 364 0
718 852 977 53 842 940 507 949 712 27 182 416 515 864 383 981 990 554 750 767 0
454 8 622 847 283 989 633 419 531 790 177 165 288 418 307 5 864 370 662 41 472 324 328 362 208 0
949 823 613 374 436 910 409 132 796 481 867 432 92 33 955 60 21 767 604 337 703 53 887 907 208 837 472 805 684 808 0
901 339 227 762 161 417 166 808 819 657 967 70 294 944 145 742 400 491 597 198 106 156 541 966 0
738 365 606 331 101 862 422 632 416 271 779 175 295 686 972 989 30 409 924 86 472 494 913 97 0
989 74 944 972 957 836 959 578 89 33 650 121 94 570 495 629 383 532 605 564 464 939 197 790 41 441 942 374 0
956 345 621 115 321 407 97 64 484 725 952 974 445 902 186 619 88 545 837 0
592 428 121 756 498 931 684 996 630 392 906 834 454 769 419 652 376 640 959 972 524 547 366 842 0
913 713 585 324 344 746 452 493 320 828 687 516 601 463 233 189 968 172 906 707 0
10 209 852 213 333 586 976 249 911 310 616 548 850 921 942 61 267 358 582 837 924 549 486 522 612 763 170 0
172 70 427 495 812 670 842 330 588 502 37 724 408 939 105 704 199 10 599 971 828 807 449 486 862 785 562 990 556 953 27 466 622 644 0
777 408 858 340 995 98 332 570 270 464 756 272 202 686 420 605 418 589 227 741 7 0
972 515 834 238 208 155 411 227 670 209 370 564 479 32 408 31 131 464 103 832 859 311 822 830 694 630 0
872 723 454 977 356 995 630 631 684 801 749 481 208 956 493 632 181 544 687 331 199 479 295 504 0
475 728 315 91 535 838 433 224 454 595 610 893 290 556 231 884 164 658 757 577 345 0
871 327 719 338 36 69 588 303 40 810 334 330 110 787 147 400 587 753 549 325 401 664 44 340 735 559 972 809 337 866 402 805 908 764 344 923 617 63 1 781 0
339 334 51 640 755 849 551 554 340 585 186 175 517 64 693 847 219 202 146 910 899 913 0
158 228 814 536 303 670 579 979 684 452 888 942 498 408 450 443 971 695 140 598 47 949 248 876 758 566 184 0
741 331 858 374 503 53 494 495 959 6 479 719 953 805 25 89 384 751 972 272 208 668 507 172 150 828 752 640 894 957 0
939 353 834 519 320 696 564 449 206 791 605 670 668 767 69 971 577 380 953 312 182 836 883 0
881 938 199 304 562 876 916 738 731 102 46 988 578 337 41 906 526 667 166 755 0
519 803 801 446 181 869 982 977 428 605 381 464 752 907 10 724 632 668 999 419 957 394 150 277 741 297 0
33 548 300 6 181 466 894 165 233 773 271 719 740 849 97 717 836 74 0
186 523 767 753 373 181 517 70 667 752 378 173 99 579 514 652 801 876 445 705 980 366 686 0
944 7 498 519 181 907 648 277 314 97 794 538 233 419 968 977 281 328 963 955 957 696 390 801 741 0
411 785 135 432 567 939 381 903 667 492 915 275 351 475 571 8 0
502 415 449 484 867 643 761 693 931 33 310 738 52 134 205 101 848 372 571 845 985 272 627 427 290 80 176 606 262 934 244 0
121 165 567 297 822 419 972 97 617 758 277 916 507 288 740 681 532 422 662 204 984 686 290 362 747 370 281 632 775 888 0
290 869 670 519 529 724 758 511 622 165 965 605 494 356 982 963 773 428 923 988 394 150 271 33 775 862 803 52 6 668 0
675 982 204 70 11 560 40 886 619 732 492 326 945 137 12 624 634 44 107 712 908 861 302 56 256 152 0
213 883 367 6 265 40 751 521 547 343 890 137 839 512 103 69 79 380 862 230 587 392 0
175 963 713 511 53 889 955 923 493 662 374 197 827 712 751 531 479 0
487 558 625 390 754 898 52 884 650 152 396 202 191 505 693 725 934 272 715 247 653 498 613 964 953 622 0
851 764 864 875 622 571 27 520 630 428 122 484 697 636 592 197 408 0
18 469 511 208 863 882 571 828 862 995 277 493 9 650 324 715 104 498 622 307 320 0
955 984 52 923 6 466 283 428 988 452 605 633 839 801 981 544 670 105 822 358 281 37 504 0
152 671 530 881 777 437 876 328 310 44 196 165 532 654 926 369 509 721 810 284 48 486 396 0
920 299 172 49 38 694 620 752 712 449 520 131 367 493 777 707 910 711 464 219 68 277 206 411 155 0
409 146 518 987 290 749 394 697 486 995 225 494 554 561 569 212 942 274 632 186 612 540 197 459 152 475 174 842 516 498 0
919 38 370 65 145 88 865 301 97 432 463 649 724 68 479 503 199 18 153 574 550 238 291 859 731 155 441 999 843 723 698 938 0
413 340 372 52 644 109 973 622 206 303 516 446 797 463 725 335 302 577 843 686 858 68 955 643 531 56 503 0
37 113 755 382 26 455 232 680 627 629 592 993 290 647 788 859 742 994 0
629 374 752 849 177 969 882 94 288 923 6 525 965 383 649 290 957 325 394 828 863 495 419 0
295 362 867 716 371 907 913 465 588 20 166 783 848 422 919 390 694 79 229 347 40 57 383 882 23 0
517 155 280 1 717 297 270 11 351 53 273 457 516 529 325 543 759 601 602 132 332 0
798 101 419 121 717 295 912 759 650 585 882 696 320 324 965 629 503 773 771 648 668 10 498 8 849 290 6 574 0
525 392 622 165 972 977 271 337 288 606 577 629 356 293 428 297 790 208 849 747 344 531 446 172 838 204 109 0
44 7 653 101 102 749 944 410 204 577 890 372 805 544 684 882 344 362 415 525 696 631 278 585 384 0
663 241 349 123 673 233 328 713 921 172 652 932 812 705 864 835 599 920 911 994 106 270 383 114 506 0
794 415 272 370 942 365 374 965 589 469 767 931 567 531 275 278 756 987 204 903 938 441 422 300 574 301 0
322 831 108 902 60 163 729 174 414 186 833 843 974 36 589 632 263 756 122 411 556 647 614 398 0
669 671 607 963 858 893 795 867 853 403 550 374 133 898 925 268 627 211 529 581 916 554 264 298 148 0
661 725 100 371 238 272 419 13 632 173 564 18 984 712 79 84 150 648 868 915 0
911 134 417 764 3 222 976 296 302 921 97 986 694 527 329 946 114 473 993 794 363 554 743 154 0
955 269 746 777 718 346 106 959 199 434 813 172 635 44 829 753 150 262 875 532 245 643 169 73 0
633 989 376 428 977 356 773 864 719 52 53 531 757 863 518 988 33 362 283 955 629 452 564 271 0
936 924 839 337 940 758 767 872 965 823 547 264 831 407 117 410 605 185 408 392 969 852 377 653 520 109 895 808 507 255 519 522 339 788 0
575 988 746 486 661 819 412 57 497 695 613 510 654 914 482 246 260 77 306 860 90 152 648 79 2 839 779 583 167 0
230 529 585 757 903 372 70 589 33 773 390 504 150 924 663 469 984 798 733 531 283 801 428 0
80 836 967 971 117 805 834 290 770 749 231 984 725 987 116 644 173 732 567 223 356 291 911 0
614 554 844 425 643 695 100 634 226 481 902 176 250 198 817 0
773 494 995 504 383 981 617 939 428 923 381 53 629 6 495 757 33 919 362 681 570 924 988 204 293 963 394 356 177 374 283 984 0
121 358 383 494 446 822 5 418 181 696 775 670 890 41 538 532 290 310 972 293 344 208 441 0
454 381 469 310 78 771 150 58 466 957 571 290 337 181 773 713 999 564 362 197 0
300 53 564 172 693 242 5 21 750 178 321 555 304 403 192 407 460 495 409 398 51 542 379 0
438 853 796 574 147 37 281 732 303 836 1 990 949 10 199 479 792 145 180 392 272 146 172 508 0
714 434 901 333 31 632 68 418 553 810 11 613 278 930 906 983 542 100 189 37 570 650 374 520 559 360 795 183 503 0
8 853 314 671 770 271 972 187 881 9 859 759 977 181 750 239 578 174 568 843 368 31 105 195 976 0
733 244 384 740 122 190 732 698 98 224 899 372 911 754 654 409 130 779 32 877 223 862 411 228 410 662 602 148 89 845 398 124 707 484 0
153 938 416 457 668 917 393 303 186 986 958 451 845 683 297 941 179 561 613 797 364 69 478 405 0
406 714 197 883 621 366 96 117 853 875 759 955 703 502 604 196 269 255 761 564 653 990 17 568 504 864 936 415 0
25 97 373 344 916 940 494 230 511 219 18 827 758 649 0
448 535 412 126 898 454 266 689 765 250 882 952 889 951 136 583 162 728 888 472 948 322 343 0
38 806 598 452 338 219 508 270 430 381 890 466 363 723 91 259 893 692 149 457 274 633 834 376 221 728 733 379 749 510 984 314 448 0
605 803 41 965 869 233 383 944 121 324 362 89 165 288 74 25 300 197 495 181 281 272 419 279 427 571 0
747 559 983 512 330 719 469 508 449 583 300 629 49 9 414 0
113 356 585 606 995 865 508 544 530 477 550 48 987 145 788 307 868 969 724 967 0
255 409 284 903 220 374 715 628 11 752 797 827 486 178 658 590 450 275 370 663 571 869 269 0
44 803 523 213 636 599 346 604 9 687 358 31 173 968 882 507 117 242 11 912 919 273 220 429 795 897 469 0
165 344 283 381 441 290 419 307 775 670 74 181 41 121 464 957 0
216 522 649 63 59 704 760 861 525 827 982 759 808 117 183 177 783 652 186 381 577 721 511 628 23 450 277 0
894 934 80 466 221 757 520 245 589 887 68 228 265 391 678 264 884 136 980 741 472 291 862 577 78 627 515 562 0
175 658 482 151 916 503 588 643 836 994 16 315 417 900 592 828 714 971 430 970 796 733 269 492 590 667 725 967 0
43 65 500 461 879 436 295 259 926 443 193 942 55 460 878 539 140 316 498 329 361 602 538 291 125 530 469 534 0
965 206 37 191 202 649 429 989 486 707 898 424 895 960 362 681 49 290 614 533 220 213 102 801 427 346 630 617 0
790 888 202 346 460 314 428 320 757 955 224 337 633 703 828 956 208 71 441 771 33 548 0
300 94 290 649 58 177 662 869 89 982 452 989 297 668 356 52 493 278 428 999 924 301 775 719 0
177 392 578 278 663 995 605 310 7 858 102 849 372 165 328 759 33 519 245 41 949 757 0
953 571 364 548 416 589 938 598 332 847 995 518 919 629 756 719 640 374 233 758 578 0
648 622 890 383 724 288 741 374 963 53 344 358 525 862 538 418 519 464 740 307 531 939 752 165 0
864 632 89 358 571 498 356 208 564 740 172 519 803 314 427 957 981 862 0
321 532 178 996 519 332 836 684 757 649 849 61 963 565 366 656 547 907 7 607 614 110 667 529 386 0
924 577 332 565 606 280 903 838 383 775 394 931 578 374 529 278 290 41 324 670 953 390 790 9 416 0
269 493 199 862 977 330 507 790 649 999 838 852 17 427 490 132 69 514 746 0
946 4 720 545 260 247 415 445 780 157 45 778 734 702 382 264 804 267 876 201 650 185 0
810 599 317 236 446 991 807 122 119 843 864 944 783 988 631 619 27 15 440 220 922 532 995 538 702 913 0
399 695 697 644 957 566 440 655 683 909 229 264 634 426 71 832 726 731 543 961 775 465 531 709 811 591 225 849 796 549 943 167 0
373 493 741 177 242 805 507 25 696 632 548 888 719 94 944 52 519 989 165 230 999 172 629 0
128 86 404 767 870 859 213 784 286 695 560 215 602 952 834 513 370 988 937 401 654 0
852 697 88 265 130 155 824 87 932 785 965 503 127 157 360 136 668 841 238 501 3 77 564 371 254 783 0
567 757 299 869 446 585 525 713 629 668 598 275 912 340 790 882 548 288 37 670 314 0
314 145 172 751 704 372 988 224 894 182 956 210 957 750 996 0
362 380 832 26 297 988 770 494 589 633 310 944 291 778 70 21 244 837 122 78 869 228 969 191 995 0
963 232 929 343 967 231 747 164 145 14 661 780 670 509 598 466 633 997 17 648 46 342 750 109 853 293 843 437 551 30 863 0
579 293 880 719 247 3 582 80 68 21 736 595 968 117 66 648 649 203 753 311 689 408 88 556 585 832 913 770 0
288 538 41 822 181 529 741 806 290 297 383 972 0
233 25 758 571 290 466 882 288 495 297 995 344 390 427 939 822 988 307 41 942 0
177 775 965 37 362 446 307 464 869 939 344 441 864 381 724 668 165 41 281 511 495 5 882 806 758 957 803 942 0
708 219 468 679 493 250 3 50 619 324 233 535 193 685 654 866 956 574 408 242 513 704 127 372 536 605 191 189 295 814 0
374 598 25 6 752 931 684 777 503 864 204 446 949 5 275 121 314 310 767 165 984 898 749 340 981 504 838 325 428 0
801 724 233 635 279 150 479 362 277 324 454 354 391 548 472 341 752 864 58 0
869 27 112 958 445 390 775 91 936 70 686 543 938 828 18 585 746 360 288 484 420 912 173 88 704 872 293 0
728 341 88 1 396 583 504 47 172 187 561 783 167 373 368 351 868 670 443 973 531 822 635 648 472 162 178 599 643 872 755 233 5 511 0
935 894 418 7 410 956 53 917 908 466 670 883 648 279 561 511 544 578 492 0
839 341 514 789 371 520 908 872 414 409 110 822 981 69 382 718 727 757 445 788 870 266 566 96 915 0
271 204 931 751 58 18 604 165 995 889 245 565 531 172 469 383 0
540 99 255 571 973 627 932 12 765 604 503 366 714 808 322 403 301 777 217 669 820 0
643 526 136 478 293 370 297 181 305 400 18 962 334 286 394 401 987 183 190 191 0
924 544 341 995 328 393 775 310 324 74 888 827 923 58 493 9 242 828 617 277 275 507 0
632 279 390 362 864 955 982 511 504 757 773 89 449 907 741 358 74 939 740 0
271 929 503 771 373 272 604 775 446 652 518 356 452 312 30 9 684 989 632 849 208 519 281 52 548 757 907 17 181 711 981 740 511 0
372 463 406 185 807 515 488 610 746 220 186 206 740 524 205 256 987 104 640 68 100 881 715 477 935 588 970 696 0
476 846 692 932 963 745 719 46 875 496 820 447 604 400 640 591 191 246 181 809 336 144 145 659 845 295 76 497 329 183 33 0
573 392 997 460 611 618 368 477 753 995 763 473 661 711 89 250 630 818 713 778 698 153 862 257 775 512 31 718 0
650 995 41 392 360 750 648 663 25 339 876 812 177 173 219 192 571 713 172 197 0
290 5 511 538 972 963 41 418 271 977 310 208 806 381 446 670 0
17 256 643 543 109 269 479 429 275 936 117 403 788 570 550 632 733 345 996 988 0
41 696 538 955 381 297 419 648 822 293 358 121 890 741 972 418 288 963 181 0
598 934 310 422 724 408 529 628 364 360 759 588 567 348 194 271 522 120 986 340 354 396 494 94 0
349 762 770 57 482 771 573 806 401 788 654 687 293 1 808 858 408 657 676 791 735 555 364 332 0
713 982 228 486 181 91 940 526 348 834 320 79 730 280 43 48 104 939 68 323 116 718 0
100 699 663 807 465 457 698 33 28 680 152 307 62 31 53 56 985 614 922 566 682 111 294 358 397 681 0
746 718 276 100 115 198 428 790 398 396 176 636 862 15 545 158 767 121 300 851 588 923 106 620 663 655 71 357 700 963 513 0
147 628 474 186 729 653 972 832 456 413 867 192 822 544 916 356 32 281 688 366 233 848 1 809 694 979 342 847 291 959 481 21 574 132 0
460 358 96 399 84 890 290 663 713 406 829 888 736 119 730 466 20 363 570 518 401 996 643 70 463 843 861 564 162 620 33 50 874 656 428 276 419 0
981 806 707 548 740 628 437 852 807 944 364 242 337 508 888 511 956 331 415 801 585 215 0
364 698 627 97 686 711 58 365 903 606 617 794 197 25 662 529 614 565 999 332 279 940 629 0
6 561 981 275 952 746 15 951 532 474 877 106 490 281 758 419 208 55 406 0
972 668 564 344 794 953 839 957 959 358 724 806 847 525 741 121 419 181 150 0
404 525 537 588 877 83 138 61 684 36 712 321 788 210 801 348 488 178 958 114 606 650 0
407 590 124 832 974 574 981 645 265 719 319 69 490 889 36 205 920 812 506 711 781 791 939 544 334 913 281 556 0
370 418 565 279 150 69 919 280 5 622 503 364 801 136 805 278 208 923 374 97 633 929 839 419 365 0
981 378 422 41 228 272 861 731 724 911 331 652 713 888 150 194 414 571 38 686 174 0
383 649 747 963 544 89 662 752 632 337 381 957 324 422 924 300 41 390 37 806 965 741 197 0
301 801 617 939 204 466 132 337 74 481 297 71 929 280 109 307 17 362 86 803 394 511 6 614 518 920 208 0
956 197 805 831 18 393 342 518 70 986 457 314 543 180 621 759 529 582 867 564 36 245 0
852 591 185 299 146 396 601 295 676 84 147 472 829 703 560 404 911 142 881 199 953 340 187 902 667 357 119 113 721 192 0
715 246 625 499 673 642 932 135 903 468 127 746 837 866 442 363 101 520 619 627 195 0
378 248 793 993 656 356 285 109 967 472 944 376 197 741 460 311 515 350 154 144 884 329 930 54 600 627 156 283 481 879 0
574 277 88 853 92 413 272 911 362 907 399 131 349 232 384 334 406 959 14 811 813 267 750 663 685 331 999 313 569 416 563 0
916 344 796 36 719 940 520 522 984 830 938 8 438 905 547 283 230 452 175 0
360 723 279 202 18 114 68 422 838 984 198 798 533 997 718 102 373 869 80 794 741 418 636 662 410 0
968 494 532 587 242 299 814 371 984 59 158 88 174 324 6 94 578 963 865 747 498 13 390 926 264 116 114 0
41 288 383 494 290 806 955 538 890 529 181 297 957 741 358 418 0
288 167 628 87 34 713 977 750 171 801 291 153 206 349 848 212 144 923 183 972 707 951 36 295 374 0
604 661 181 233 432 354 847 987 955 53 822 219 749 965 71 652 570 771 565 340 923 756 0
711 890 27 605 698 314 422 845 662 363 750 730 179 86 206 808 481 498 503 899 70 872 504 173 661 536 187 648 245 805 271 967 0
520 49 398 848 390 571 942 550 679 364 420 104 238 264 7 940 394 9 906 340 328 779 461 758 0
108 303 526 46 670 55 137 939 182 474 862 332 635 679 942 524 974 652 607 209 732 982 707 678 645 180 981 314 0
27 722 858 591 974 47 205 538 143 851 909 280 111 58 88 704 305 299 963 362 951 189 19 257 908 68 719 777 837 0
177 307 578 6 662 464 466 283 969 696 747 668 942 571 959 165 605 74 297 924 89 390 233 494 300 648 686 381 7 0
741 325 969 362 290 713 394 373 989 233 383 982 341 446 790 185 150 578 74 862 441 847 271 598 279 495 172 18 0
354 43 307 11 493 724 955 136 429 732 761 567 190 608 103 403 977 527 300 452 334 56 6 145 350 0
589 69 571 968 777 783 479 531 775 280 199 686 511 883 78 969 771 936 730 798 0
759 198 959 636 27 798 529 648 132 256 982 220 153 173 514 472 328 719 687 713 463 565 250 432 670 283 938 0
911 339 293 617 559 688 284 997 63 171 59 484 299 460 43 103 859 0
718 479 678 993 293 186 301 466 123 720 403 859 335 164 313 387 0
850 234 762 464 729 924 207 866 904 448 10 41 934 190 379 227 253 452 366 457 386 552 245 354 549 226 995 0
712 245 668 981 307 101 578 300 649 58 939 916 652 112 441 416 280 828 713 622 544 863 740 806 827 0
953 849 320 999 503 924 508 719 632 21 604 71 957 969 393 314 449 230 715 805 565 529 271 101 275 771 472 838 577 374 362 10 0
571 41 493 422 89 277 290 37 314 538 965 649 757 498 177 0
215 725 321 101 18 984 378 948 982 502 14 248 775 798 511 196 202 981 340 384 241 452 907 938 231 324 911 270 577 585 269 0
197 525 890 741 272 498 464 713 7 987 805 121 390 803 358 869 204 74 277 242 33 376 775 288 959 957 418 965 989 89 849 0
282 68 451 901 226 663 869 41 932 777 527 11 43 778 19 999 452 436 822 942 238 278 599 169 36 862 0
297 428 988 37 959 686 617 208 272 300 605 564 995 494 775 650 374 204 325 519 373 0
332 410 565 121 790 981 740 172 279 10 364 337 136 390 617 643 278 418 803 420 920 373 109 713 328 989 0
963 277 281 862 208 864 801 923 74 758 314 419 995 518 310 150 0
548 563 549 200 661 470 359 243 992 461 597 191 432 869 559 222 112 727 0
295 232 761 79 681 515 331 830 83 760 135 411 301 890 18 146 420 446 530 428 538 123 995 803 324 569 181 524 723 531 781 0
345 794 717 957 332 907 562 492 98 699 281 972 196 556 536 730 147 197 86 888 599 663 981 109 173 280 688 125 729 982 366 802 987 929 224 0
822 393 920 653 204 849 622 92 6 751 684 38 750 392 504 215 198 37 767 629 981 74 0
358 741 864 955 982 977 310 529 41 283 493 890 494 271 495 806 464 803 172 74 963 381 5 532 0
769 345 89 944 422 271 98 143 364 398 348 136 635 839 958 658 91 437 109 972 640 732 0
140 475 323 818 440 474 408 171 37 985 452 548 148 144 747 124 451 6 366 0
411 293 288 577 827 65 233 493 192 31 196 398 340 965 56 627 119 185 321 977 621 511 445 532 330 120 890 450 570 0
110 360 171 6 916 773 178 944 315 126 565 303 649 252 843 190 151 345 198 53 142 895 830 371 0
803 270 516 279 245 858 585 378 301 300 94 220 128 155 339 117 147 17 679 916 694 52 758 370 903 0
524 74 713 931 314 605 364 177 227 858 696 912 849 280 773 272 381 91 574 337 109 704 956 410 370 777 0
132 233 5 632 301 898 858 629 981 208 53 495 590 812 384 956 798 525 376 304 771 165 44 989 790 724 381 493 9 0
711 977 112 332 104 233 272 464 564 519 640 713 495 741 227 890 197 632 798 192 965 427 283 0
862 984 255 643 628 749 173 977 578 965 630 803 953 7 104 577 208 882 915 105 652 839 585 711 592 968 463 419 0
573 478 59 815 724 501 956 492 70 733 409 655 509 922 601 394 992 92 379 40 361 812 617 895 362 120 230 0
402 511 337 906 501 374 372 716 20 66 197 971 960 831 258 585 733 938 36 994 599 577 713 722 676 127 84 547 72 953 660 367 515 499 907 432 958 278 742 0
958 278 577 198 838 293 790 511 942 749 37 617 383 977 364 923 773 650 332 255 71 981 570 373 452 0
827 970 845 176 450 582 498 376 976 796 113 511 312 35 122 506 228 145 973 320 154 829 241 100 151 598 428 0
668 393 38 185 290 391 548 344 570 801 346 466 91 643 25 479 724 293 0
125 576 639 916 435 163 383 636 960 810 129 942 1000 469 454 640 495 99 327 364 992 929 143 0
957 381 806 605 959 293 955 74 494 668 271 344 383 890 939 972 121 288 310 172 5 775 538 0
538 358 383 806 957 822 972 0
293 25 812 64 490 113 504 932 400 464 335 432 411 186 88 970 489 121 498 0
677 15 63 970 89 855 599 491 733 768 663 837 171 384 612 153 397 861 657 649 399 622 619 879 866 909 18 0
254 968 524 224 869 834 367 689 13 110 903 623 645 542 747 38 265 564 939 752 780 601 806 117 341 57 410 936 985 574 745 0
232 944 74 406 418 517 125 807 967 939 661 120 863 428 194 178 719 472 982 599 704 853 445 509 890 30 554 915 779 256 324 0
938 687 732 121 271 931 987 906 769 953 758 334 43 929 806 740 801 191 604 363 331 354 419 0
806 944 989 427 696 648 890 571 97 719 314 300 6 341 822 959 622 955 0
205 948 580 154 475 57 903 817 887 662 867 999 48 124 634 567 271 951 899 71 171 354 627 0
356 280 923 643 230 104 662 703 790 605 803 548 469 165 570 498 208 771 633 242 288 622 713 571 650 862 0
410 372 356 942 524 374 344 957 392 394 373 968 759 185 202 89 629 632 341 882 988 668 847 686 751 898 805 9 0
838 643 889 89 381 650 681 670 864 281 441 101 988 280 719 466 408 622 177 890 74 757 0
963 419 495 972 41 529 977 775 668 696 358 955 290 538 741 121 670 381 271 208 0
514 836 416 661 199 331 827 518 724 464 911 990 422 973 574 452 49 278 997 967 53 114 243 717 220 0
300 132 788 457 271 884 658 935 224 738 955 136 74 387 620 350 606 397 0
630 923 175 746 71 827 511 445 224 121 554 446 614 812 17 801 120 996 629 696 196 219 0
422 454 441 604 89 839 570 177 290 981 578 277 493 7 648 394 836 373 37 806 532 959 0
381 794 233 944 648 988 959 849 208 519 293 6 290 344 441 696 121 383 982 963 74 0
281 279 283 740 172 668 605 518 370 208 271 150 531 965 989 864 7 847 464 314 0
907 686 278 518 446 740 953 356 449 988 847 836 74 773 888 839 58 519 741 452 622 525 7 0
170 912 175 25 132 670 509 372 366 378 827 477 192 791 931 704 307 693 589 87 725 98 895 494 124 172 542 0
750 537 208 363 111 865 958 939 53 295 532 452 827 242 636 278 310 255 658 523 895 469 176 0
522 403 378 7 925 930 667 384 123 162 533 631 791 482 595 227 783 679 352 960 633 165 364 568 703 67 0
507 569 472 853 96 267 511 392 210 80 148 379 755 177 602 923 960 662 63 386 582 589 913 220 88 592 0
291 828 986 164 697 831 956 10 327 349 17 847 662 138 550 835 737 439 14 132 628 438 561 683 167 310 201 910 929 0
883 420 439 184 991 274 275 46 655 771 511 190 256 270 851 555 25 746 284 179 0
842 950 30 292 610 931 753 124 805 135 791 172 624 112 587 446 248 297 161 601 121 71 534 150 497 0
548 794 324 957 806 464 805 299 508 916 532 384 310 181 681 869 519 293 297 0
89 778 667 50 273 983 696 432 446 955 293 270 331 991 25 480 422 964 449 511 876 887 350 286 0
936 894 449 297 525 698 777 985 953 798 256 223 290 441 393 427 89 181 121 0
924 391 757 571 827 446 145 923 271 533 751 278 304 121 481 337 494 255 299 989 698 44 275 577 69 37 858 71 0
987 281 863 953 862 724 104 564 957 5 864 989 150 233 525 6 74 982 0
489 440 348 622 864 23 510 196 29 942 567 493 198 362 522 135 628 294 999 872 519 2 158 499 751 907 34 0
53 271 208 955 10 622 648 383 293 939 670 977 806 511 538 959 74 419 297 290 822 418 740 0
479 965 97 44 947 906 692 469 898 250 768 34 897 682 68 613 501 49 296 722 280 24 908 567 149 66 864 616 471 358 392 82 985 133 0
972 648 741 297 418 121 41 383 494 288 822 957 806 290 0
574 100 215 525 204 366 763 813 217 106 58 459 995 727 367 803 685 397 169 38 905 853 398 818 83 25 515 478 0
519 331 862 929 472 585 511 373 121 503 275 416 957 752 999 18 0
310 437 543 973 529 70 264 712 89 356 363 588 324 204 848 482 243 827 30 0
198 713 849 479 101 10 668 53 969 415 661 578 8 271 747 749 662 420 719 5 889 912 408 0
899 805 687 362 278 632 895 773 376 707 283 365 791 43 427 408 238 191 561 977 923 132 208 963 807 461 301 504 0
393 848 165 929 315 663 828 902 861 960 379 89 443 242 713 52 794 926 529 428 334 758 0
803 893 450 327 578 189 220 797 606 676 617 321 911 155 84 461 333 777 721 57 281 256 408 820 503 23 51 0
60 592 604 165 839 969 995 795 25 963 864 172 464 449 407 935 490 863 41 463 533 649 278 749 687 942 43 968 324 953 415 913 0
407 80 976 728 19 153 13 390 249 306 409 30 660 504 78 216 217 969 521 411 242 327 689 0
509 300 604 427 561 279 245 700 394 337 736 370 271 732 955 554 881 411 111 805 362 934 895 530 870 393 0
35 745 481 260 672 108 370 988 209 841 887 742 524 417 220 817 361 897 527 279 903 411 995 0
60 781 908 815 796 114 683 481 768 562 783 40 256 301 342 875 193 3 366 521 233 671 387 161 0
831 391 418 356 493 498 495 187 828 571 428 408 182 437 985 561 482 849 544 791 284 362 876 839 783 556 0
238 671 931 875 3 583 507 514 903 810 574 311 501 703 112 535 717 349 122 495 86 683 905 0
498 864 150 632 939 428 525 181 822 18 89 10 752 52 757 279 849 427 999 297 472 281 0
711 78 215 9 360 332 984 330 376 358 849 264 427 452 449 422 392 210 987 150 362 145 197 0
919 291 243 931 741 913 486 653 132 346 334 750 684 679 17 495 482 822 242 370 953 859 989 0
687 366 359 543 858 246 65 256 865 824 692 85 579 440 102 968 175 392 797 262 796 184 951 0
803 955 847 381 121 297 525 7 822 370 283 0
957 858 605 398 632 381 913 758 191 577 533 194 70 661 432 777 186 847 894 965 653 224 938 153 332 502 757 330 0
629 204 622 514 454 49 740 269 588 533 105 791 944 325 719 365 977 640 872 192 0
578 907 337 441 865 238 269 279 422 518 392 102 662 271 996 170 340 297 341 223 33 144 604 17 733 780 0
929 939 564 805 479 942 622 293 767 38 949 452 822 749 775 78 606 71 295 650 0
438 457 920 583 635 154 619 91 832 722 33 385 797 807 960 557 416 616 179 299 921 579 320 0
604 949 281 38 793 479 828 440 33 80 562 586 794 649 936 864 772 346 510 950 0
419 53 982 632 532 495 519 310 862 963 446 668 288 752 344 208 531 464 740 803 493 314 52 0
718 269 255 112 143 514 280 654 293 198 811 783 627 94 517 492 713 501 522 248 0
383 419 605 752 441 446 208 494 53 5 25 741 283 648 519 982 977 297 310 288 668 344 181 0
533 982 972 463 795 7 319 36 482 171 542 380 703 967 272 760 262 104 443 773 683 805 204 97 166 277 255 820 838 758 530 712 0
181 8 617 747 281 803 989 208 41 686 310 571 278 428 0
297 358 972 822 538 383 0
293 307 578 845 109 511 275 823 935 233 592 230 915 446 68 652 219 351 864 870 605 324 532 897 648 890 567 801 938 272 750 0
454 643 849 427 94 862 204 919 988 801 939 498 852 449 903 949 301 102 8 213 250 590 502 628 360 958 44 364 6 750 153 132 0
711 275 409 220 469 570 305 392 311 911 917 303 415 802 834 422 520 685 150 797 876 773 205 98 0
678 792 718 245 755 429 851 469 967 648 888 110 331 332 11 224 604 346 955 490 536 823 198 729 65 131 565 0
393 392 354 344 27 889 703 661 564 484 967 273 64 380 507 482 654 567 230 988 504 0
136 533 525 903 977 78 995 89 280 344 924 7 958 849 224 717 929 0
832 533 396 632 72 849 80 745 578 151 902 215 812 142 592 681 479 882 374 432 477 0
556 517 590 312 397 302 643 963 284 179 525 74 283 756 169 562 460 537 378 171 57 526 899 790 967 0
567 605 801 729 997 496 166 221 503 291 915 323 0
817 616 687 74 157 282 640 586 484 297 820 37 1 325 724 270 937 650 754 760 0
903 70 323 999 649 958 779 783 30 496 272 66 876 530 176 988 277 175 771 589 630 260 315 0
279 847 438 15 667 392 351 109 449 114 957 822 6 241 537 432 44 773 60 540 891 561 0
613 324 138 877 341 956 357 321 513 519 963 20 864 155 479 910 151 713 249 39 822 725 982 780 535 459 0
648 204 617 780 53 454 863 284 502 812 987 153 944 198 965 5 516 370 717 598 633 155 620 0
616 865 358 226 868 557 116 50 136 792 795 953 31 532 394 49 69 543 615 247 621 965 776 922 526 736 592 894 0
538 972 297 358 0
650 331 339 649 204 519 25 547 589 514 592 175 830 759 213 712 986 136 390 104 686 741 381 658 567 862 33 0
398 230 519 35 969 944 128 346 545 204 917 229 905 401 962 562 443 985 835 343 324 490 756 834 899 0
112 468 23 905 546 614 553 251 623 711 149 451 898 992 592 728 689 582 232 705 792 628 438 713 935 329 0
598 229 157 490 915 195 990 477 82 621 801 534 482 724 146 507 722 201 711 122 260 1 942 454 0
969 362 988 912 324 383 771 929 185 747 629 466 585 648 394 469 172 449 696 759 279 882 981 310 271 109 255 328 805 0
989 775 299 441 955 495 8 632 279 283 233 525 494 803 724 74 529 757 923 758 418 271 849 0
314 464 83 393 254 400 191 226 78 532 676 244 876 360 496 53 636 9 511 555 364 890 34 137 587 0
9 548 773 969 756 8 227 324 801 43 531 334 415 508 74 187 515 104 523 751 747 882 713 719 972 41 150 269 940 153 6 0
864 805 37 668 894 567 337 272 640 460 104 863 271 101 858 649 537 304 324 384 328 888 0
179 8 511 215 805 656 522 950 729 902 97 752 661 686 924 537 845 668 290 590 0
683 745 665 147 378 594 923 281 395 549 545 258 234 941 554 985 265 725 924 891 216 0
801 561 965 949 903 393 6 422 847 503 446 58 890 525 181 836 74 538 931 332 495 749 894 668 279 328 71 109 622 752 0
411 165 424 802 958 646 320 843 213 474 738 511 351 137 938 189 875 31 913 781 940 537 917 457 915 670 415 0
422 773 449 197 324 381 617 988 504 41 907 968 696 325 724 890 632 18 531 341 862 0
74 413 325 801 881 707 436 102 783 827 718 43 44 589 542 151 965 882 68 908 996 894 501 377 868 460 484 950 570 533 0
957 717 942 681 953 275 177 104 532 715 454 912 923 965 9 495 598 869 233 0
310 995 963 464 518 307 862 428 495 33 297 999 271 10 0
617 365 979 271 658 502 525 853 428 890 314 767 169 185 802 712 72 288 902 392 746 810 949 343 220 481 0
178 496 770 917 260 348 52 18 414 843 968 180 264 934 971 870 902 87 999 411 865 237 960 420 527 974 755 452 221 482 392 460 0
418 629 419 518 398 390 757 996 204 381 427 882 758 985 272 432 314 863 751 733 98 5 464 37 931 588 711 630 0
398 627 999 210 290 297 972 332 713 731 516 288 340 9 277 102 963 481 68 194 636 756 589 147 260 958 0
881 863 99 969 980 996 751 6 475 987 984 509 299 275 554 606 182 228 496 944 241 112 598 0
312 98 849 469 175 89 410 117 493 186 43 191 300 503 452 123 704 394 341 839 635 963 564 779 25 652 213 358 0
752 920 199 187 74 749 386 4 853 57 513 167 0
10 529 907 427 8 724 959 518 939 801 293 982 172 495 446 181 150 341 0
279 515 348 648 949 460 104 822 398 472 297 340 18 494 777 337 272 858 105 177 751 331 280 629 630 805 504 916 794 658 523 668 358 0
890 957 981 8 233 622 18 441 989 297 165 862 511 418 370 944 5 381 493 529 419 344 74 121 525 281 0
636 262 923 414 281 473 480 648 564 246 407 903 245 347 44 348 264 792 621 11 973 488 216 696 132 98 0
567 320 868 526 484 227 964 753 606 696 300 630 277 413 204 862 671 520 524 898 181 686 245 704 942 297 730 834 0
643 507 464 790 827 271 493 953 794 661 518 747 622 632 775 366 605 197 420 408 227 577 383 293 328 38 101 0
250 429 604 481 167 362 915 284 493 798 899 270 381 295 775 269 894 913 944 155 436 330 136 785 205 561 464 949 0
408 443 544 98 561 791 965 564 841 724 705 952 184 866 621 280 905 372 526 935 152 328 158 220 0
63 336 695 895 679 744 993 3 653 629 721 794 232 970 155 43 320 507 176 514 455 57 551 416 839 0
980 719 163 537 930 378 923 929 204 952 380 562 604 167 160 248 240 704 239 0
932 335 780 454 832 9 627 142 97 281 490 336 472 721 12 51 591 253 268 174 13 47 874 0
449 648 773 953 297 890 864 52 374 752 923 912 827 97 632 109 756 598 0
187 632 469 508 227 570 170 972 165 132 260 523 605 643 883 741 481 356 25 649 718 713 189 769 460 0
389 984 651 324 136 938 249 553 954 796 302 361 387 763 358 503 567 439 479 892 653 0
845 117 797 363 788 863 791 362 578 783 184 479 69 679 358 771 21 533 189 114 123 640 343 71 974 631 920 86 145 681 0
310 982 864 381 74 955 670 525 290 696 208 977 279 957 297 446 775 53 374 890 383 441 271 0
297 344 314 427 370 310 944 529 233 341 150 441 394 181 632 511 959 724 518 300 498 982 531 670 381 0
955 519 383 752 511 381 822 806 297 494 208 293 775 271 288 982 977 181 0
242 105 684 410 300 464 437 112 481 372 310 556 408 224 123 864 717 490 806 186 356 920 0
760 473 274 254 419 449 695 299 155 544 818 183 648 814 172 775 608 39 481 110 169 685 305 532 454 165 111 537 715 0
38 747 346 653 252 957 617 344 848 474 905 704 981 823 415 838 91 741 0
798 278 669 202 186 250 578 867 779 219 694 432 460 847 269 775 872 65 198 0
803 959 427 208 957 418 972 297 121 939 862 525 864 41 955 696 5 165 150 381 53 494 0
192 919 325 849 227 230 102 988 604 10 71 935 408 390 407 503 995 250 255 629 340 827 711 719 74 121 312 0
777 142 344 653 644 953 578 532 630 280 769 738 348 981 911 629 79 968 173 0
890 219 94 504 987 723 973 779 985 704 452 208 502 374 189 858 751 533 698 511 348 449 571 749 0
543 692 738 239 490 745 661 815 508 166 7 842 215 976 919 383 276 70 83 0
1 663 646 367 784 788 604 971 23 240 320 311 644 949 840 63 230 295 121 650 533 398 820 421 68 87 0
482 428 828 91 870 228 452 662 999 269 153 865 314 935 102 128 632 224 0
931 869 494 537 570 424 153 290 658 9 999 383 227 172 955 604 561 749 502 508 299 731 102 889 940 208 0
280 630 650 622 325 523 935 619 18 808 582 706 321 336 588 984 736 836 704 372 542 345 465 822 547 524 190 262 888 328 165 324 503 884 832 0
570 935 800 395 349 39 304 75 835 510 697 742 753 457 201 177 754 662 976 913 807 489 206 335 631 659 41 362 577 0
617 983 176 872 153 102 758 259 233 411 78 429 561 208 548 877 862 803 869 454 175 474 537 680 157 967 785 217 855 737 776 547 0
248 897 33 375 939 424 562 618 63 999 519 131 53 654 522 505 567 842 280 608 279 597 108 294 380 529 257 692 719 0
628 582 41 479 514 823 422 59 272 128 955 940 848 123 543 0
724 390 939 757 10 494 37 632 942 89 532 525 233 806 362 307 172 681 33 418 999 358 849 775 383 0
547 238 864 484 74 121 356 324 295 703 588 920 281 839 751 717 307 812 419 186 519 544 999 0
302 515 865 292 767 582 63 196 995 783 362 587 131 602 948 262 284 727 191 198 0
342 137 614 902 646 549 525 457 900 174 370 401 470 873 597 551 631 327 55 69 280 809 907 74 0
524 123 88 617 837 899 827 179 122 580 506 889 812 694 381 190 806 184 925 587 964 644 713 128 0
547 228 295 492 805 574 633 732 284 25 466 686 548 490 920 198 751 348 243 967 518 894 250 365 49 300 511 532 44 0
452 622 362 494 696 803 208 686 531 301 525 741 390 916 863 498 953 33 801 466 381 427 6 422 633 882 0
968 828 888 328 981 78 578 999 314 299 5 959 519 965 504 790 571 759 208 441 172 278 982 25 0
955 41 972 529 297 648 290 288 538 383 293 822 0
884 275 551 330 367 176 604 182 135 867 210 7 409 293 63 753 179 805 924 350 864 461 454 796 25 958 749 516 0
889 315 676 852 680 332 793 457 251 794 788 897 923 194 984 921 104 301 731 477 729 0
653 379 167 346 68 939 103 396 184 969 380 544 845 684 116 652 181 490 78 157 56 531 627 618 0
94 58 801 5 864 605 969 955 278 567 314 629 452 204 0
836 907 756 153 973 801 822 723 449 472 150 988 53 376 493 939 0
322 545 791 811 603 243 788 765 762 880 61 943 877 360 321 631 142 470 148 498 938 583 867 237 0
314 719 547 172 759 732 923 432 101 220 223 504 605 376 204 182 215 801 250 957 834 0
320 798 561 529 381 622 507 337 686 30 300 38 931 751 822 703 923 392 724 297 112 605 74 469 372 227 0
170 718 731 662 290 182 749 262 215 872 670 344 5 117 392 808 592 310 747 223 736 839 589 136 304 185 703 864 7 795 0
736 55 630 227 747 810 207 693 987 460 463 658 873 888 611 402 983 366 154 451 38 305 374 226 504 33 85 156 591 52 0
785 836 370 955 859 628 894 70 397 469 877 805 334 822 421 165 256 516 554 0
916 310 178 206 56 515 635 52 283 479 202 104 730 469 538 290 671 898 747 481 632 7 965 544 132 627 0
185 650 8 37 864 449 272 346 919 511 923 370 10 320 989 328 428 0
453 456 441 322 872 101 318 463 255 125 270 672 854 963 913 992 386 585 132 123 604 253 801 415 514 746 258 921 536 800 0
377 144 143 445 723 345 337 972 920 295 758 977 88 653 52 346 299 571 718 643 924 429 644 415 0
703 629 44 121 304 6 698 202 972 270 165 312 779 567 332 17 372 74 7 449 238 907 981 0
538 822 972 150 74 741 10 493 939 670 957 977 288 446 622 25 740 165 511 605 41 0
461 305 321 903 913 863 295 718 831 486 632 635 931 208 827 769 432 27 428 953 960 830 751 0
474 963 450 746 566 718 540 113 763 785 929 181 679 619 537 694 613 939 135 579 244 89 0
408 547 985 392 223 224 78 554 929 717 419 428 91 537 452 875 836 204 418 264 988 564 179 822 123 0
630 197 428 913 484 11 465 293 109 429 629 356 108 590 698 199 103 210 381 588 725 798 481 509 517 457 120 0
18 197 981 894 376 374 939 598 89 648 686 790 279 337 585 493 532 529 511 741 358 300 177 78 0
969 838 650 104 564 270 432 424 949 903 977 858 370 454 366 589 92 571 281 441 362 622 78 21 981 942 0
49 652 443 364 985 533 826 114 236 769 798 91 888 56 525 632 244 278 120 450 659 151 293 535 832 791 630 0
723 606 578 255 41 364 384 92 392 633 493 197 984 969 271 661 74 598 982 53 21 779 233 0
907 957 390 281 427 953 972 942 775 995 7 172 511 999 105 977 356 271 959 773 419 300 279 6 741 963 0
747 220 556 520 971 86 60 542 969 652 771 509 59 876 301 49 514 687 377 114 598 197 275 681 0
805 314 499 461 646 893 915 751 401 445 283 834 513 962 784 231 13 547 53 808 68 671 448 772 156 0
525 752 204 794 724 233 965 297 494 982 418 803 977 381 839 757 957 344 668 374 5 670 53 0
633 939 519 8 790 332 942 938 495 511 759 524 959 314 452 325 981 307 617 18 863 681 717 71 0
278 436 486 10 136 116 366 350 31 495 390 687 864 995 988 756 972 602 631 0
496 531 430 227 785 465 941 571 516 155 59 932 770 243 843 760 557 817 810 939 367 213 205 703 235 114 0
52 632 869 862 172 959 288 297 181 801 10 208 864 307 670 25 752 724 394 668 0
571 18 538 418 511 740 648 916 272 300 923 197 297 972 324 822 999 464 957 605 790 794 0
551 909 644 228 492 10 220 19 184 248 783 805 56 120 827 174 65 577 368 0
788 678 37 953 807 861 270 105 80 432 21 198 542 121 740 729 863 973 550 137 97 493 366 707 0
194 925 960 491 490 37 796 251 463 867 282 376 997 193 415 832 109 158 475 157 123 948 935 257 761 85 875 469 139 622 170 345 858 919 902 670 0
673 52 876 523 812 168 332 498 8 992 53 32 457 815 9 662 923 866 215 282 699 501 415 0
984 773 310 41 617 307 944 538 362 441 571 150 454 942 806 121 9 567 953 374 740 288 281 894 283 446 713 622 0
345 204 700 521 864 353 61 428 550 284 219 302 135 119 260 633 381 839 555 640 495 53 277 644 551 180 323 582 59 0
58 446 894 919 571 464 838 969 836 300 889 803 957 185 494 751 963 668 495 858 197 713 617 988 0
362 408 700 220 13 191 290 957 394 307 526 628 53 325 731 614 619 366 460 443 864 865 736 140 35 0
614 791 728 504 936 551 668 744 341 224 625 514 717 556 904 912 100 463 548 523 598 547 540 106 891 958 0
779 370 479 362 186 17 828 924 946 797 973 172 441 862 585 136 1 960 551 31 820 606 773 807 280 0
341 224 463 585 632 898 479 515 6 91 394 173 592 105 177 356 255 94 0
888 606 508 650 89 194 628 913 172 233 219 958 177 370 295 770 723 255 0
301 233 25 721 789 401 425 738 89 418 890 511 636 827 387 50 358 376 503 847 694 70 752 52 958 678 184 0
957 919 278 629 681 469 564 519 888 78 869 703 929 578 955 71 420 208 567 204 38 272 713 773 464 828 0
53 271 441 494 25 310 775 538 532 963 290 121 383 605 288 822 0
33 9 469 410 519 696 751 428 136 6 0
760 405 875 341 269 142 36 78 916 580 358 842 390 490 35 120 619 652 88 688 413 0
394 532 25 923 370 963 529 493 982 696 297 959 519 150 374 494 822 307 418 864 341 356 803 5 0
514 206 265 452 719 890 466 44 36 916 628 983 940 683 455 522 169 41 150 481 780 515 202 841 198 114 959 645 270 176 0
5 441 74 538 310 293 989 531 773 52 7 8 374 999 518 288 959 25 495 972 529 0
781 903 676 606 987 85 126 813 397 245 977 27 6 486 595 909 797 231 738 0
312 441 102 143 965 31 370 362 633 504 145 542 419 653 494 293 398 314 942 175 740 870 939 791 381 121 153 913 769 49 0
58 291 206 964 122 825 37 568 476 845 880 317 820 878 914 752 22 165 94 2 892 325 0
907 831 345 679 524 71 533 731 836 243 418 862 411 288 150 320 649 959 807 667 416 0
279 283 427 719 346 177 617 58 577 441 836 889 794 643 94 101 704 571 959 18 894 504 390 525 278 759 454 394 74 446 0
228 331 531 432 718 495 493 828 547 179 536 984 260 353 293 328 960 747 391 279 394 561 143 147 684 842 0
700 969 936 312 267 745 780 221 376 770 578 507 706 242 122 14 461 903 87 699 865 457 415 589 237 899 271 0
387 492 398 736 292 533 681 781 518 661 195 475 588 862 540 295 372 853 6 465 0
277 532 622 959 279 963 299 464 52 864 181 89 775 529 428 794 493 982 446 300 0
968 586 673 742 794 354 610 69 167 389 620 321 560 962 986 751 900 181 348 537 813 0
957 290 529 538 806 288 181 822 383 293 297 0
469 882 383 503 498 548 969 392 931 297 752 771 617 507 452 864 301 0
383 806 538 358 822 297 972 0
982 511 564 310 275 803 472 452 839 230 977 197 938 418 449 773 635 301 589 629 741 794 767 0
752 290 310 495 297 383 982 441 5 370 822 511 775 283 208 532 25 605 0
390 965 969 281 533 310 903 944 304 801 283 828 958 565 422 238 561 330 775 461 740 717 408 9 101 0
230 545 30 566 134 684 574 663 268 709 943 667 489 182 785 180 715 955 521 618 86 52 204 0
266 693 851 434 671 100 756 884 560 718 872 984 741 898 9 730 495 613 555 919 153 979 122 254 0
648 181 418 288 271 358 806 293 383 494 696 297 538 5 0
32 536 792 454 427 919 102 869 71 60 340 864 858 38 694 956 311 916 356 147 699 463 529 658 360 0
356 724 181 233 942 923 358 150 773 972 999 374 862 907 498 863 622 297 53 441 529 982 310 538 864 383 314 801 0
496 974 185 409 750 367 2 184 7 795 74 492 328 167 323 548 772 126 449 652 715 322 250 992 0
208 117 750 262 736 339 264 888 719 68 614 985 504 515 640 679 779 869 678 206 713 189 0
989 839 428 959 944 504 288 89 418 177 314 965 5 529 668 472 963 181 466 999 648 356 862 37 390 0
370 571 277 942 531 747 794 121 25 341 278 907 464 944 959 418 0
979 104 530 783 872 61 181 136 577 650 337 974 331 545 760 598 812 128 220 343 548 803 875 514 554 713 736 845 245 828 0
104 105 71 882 529 723 354 469 524 376 605 328 574 420 913 890 547 864 919 153 481 432 661 272 0
0
839 8 828 394 290 112 233 631 968 392 272 86 101 189 490 812 923 472 916 632 452 356 757 730 525 640 750 328 0
65 864 69 233 806 681 299 104 6 565 297 632 111 384 955 601 419 121 479 150 554 863 124 663 40 881 0
302 792 965 269 465 479 989 619 945 682 904 516 832 559 570 522 789 861 806 397 643 657 78 667 415 790 91 480 45 0
451 33 967 87 105 767 604 531 204 585 393 894 730 23 432 151 49 794 544 836 608 381 679 801 473 0
648 972 696 288 121 538 41 957 358 271 955 775 293 0
895 436 638 104 934 725 842 703 123 551 142 76 844 830 190 153 117 648 499 194 230 285 18 455 78 0
530 328 420 582 452 907 125 86 791 888 849 995 749 617 381 0
390 722 724 265 864 228 407 1 868 876 183 220 859 813 374 723 715 681 89 130 237 839 863 169 190 472 328 0
532 293 495 418 972 959 806 957 358 208 493 271 955 381 297 752 670 977 0
419 494 441 25 670 383 418 208 519 957 5 283 963 297 495 288 890 822 310 752 0
415 752 923 210 561 755 481 518 337 427 378 543 767 97 687 981 94 502 153 271 43 155 194 134 91 791 8 525 376 780 0
394 806 150 519 373 344 531 297 41 839 498 7 747 299 208 493 719 204 532 172 995 957 427 924 0
427 794 150 630 963 635 280 393 8 181 565 578 328 204 973 7 684 363 293 9 718 668 995 97 749 290 0
481 424 219 365 969 916 532 187 441 751 958 996 999 724 590 354 544 775 348 794 177 334 345 981 668 0
924 965 869 649 977 181 121 454 337 548 358 373 242 972 519 888 441 328 41 279 278 801 197 8 912 806 585 0
290 724 281 981 982 89 428 862 923 957 7 977 939 283 519 10 532 942 307 18 0
538 741 493 806 441 74 53 740 511 358 150 959 427 803 696 290 939 518 605 531 0
410 899 972 445 547 629 578 8 362 275 44 985 653 69 312 923 916 187 283 827 864 0
189 678 565 778 939 802 903 983 36 755 838 728 403 445 809 368 721 999 723 152 940 88 201 979 812 0
951 161 351 455 35 852 930 251 804 564 875 628 773 627 404 707 969 241 108 69 449 619 230 592 34 100 328 438 0
967 796 378 460 386 536 315 240 39 310 319 457 910 221 785 939 456 250 418 654 983 494 153 935 957 543 495 502 194 205 852 0
387 303 147 71 86 46 897 801 494 250 997 457 888 230 974 987 894 788 921 711 869 354 57 810 201 535 571 0
121 972 279 356 288 648 862 495 525 41 740 944 864 310 822 999 801 383 165 181 358 963 271 847 441 427 25 0
365 332 242 916 356 490 544 463 898 969 931 7 381 33 41 903 663 959 461 224 331 719 939 827 419 0
969 752 25 938 102 275 643 989 842 538 550 70 522 454 155 936 192 198 791 345 429 502 68 648 0
137 756 221 503 587 886 993 395 602 450 65 436 240 451 489 634 187 359 478 251 672 0
977 314 529 890 822 803 419 464 41 208 696 773 959 493 775 740 982 0
342 687 976 265 899 763 326 361 760 32 585 885 181 839 732 157 605 410 363 916 859 986 217 150 107 430 0
