200 2000
1 200
1 2 66
2 3 37
3 4 74
4 5 35
5 6 49
6 7 76
7 8 77
8 9 54
9 10 30
10 11 89
11 12 28
12 13 73
13 14 70
14 15 74
15 16 38
16 17 49
17 18 49
18 19 49
19 20 54
20 21 31
21 22 44
22 23 91
23 24 87
24 25 9
25 26 59
26 27 22
27 28 42
28 29 100
29 30 50
30 31 85
31 32 25
32 33 88
33 34 96
34 35 38
35 36 40
36 37 50
37 38 79
38 39 82
39 40 48
40 41 62
41 42 41
42 43 87
43 44 33
44 45 60
45 46 80
46 47 21
47 48 52
48 49 81
49 50 55
50 51 60
51 52 89
52 53 96
53 54 1
54 55 60
55 56 69
56 57 41
57 58 22
58 59 7
59 60 19
60 61 40
61 62 47
62 63 33
63 64 98
64 65 17
65 66 4
66 67 12
67 68 4
68 69 64
69 70 81
70 71 20
71 72 57
72 73 3
73 74 97
74 75 5
75 76 19
76 77 64
77 78 70
78 79 53
79 80 44
80 81 94
81 82 89
82 83 59
83 84 47
84 85 4
85 86 48
86 87 88
87 88 64
88 89 33
89 90 85
90 91 12
91 92 100
92 93 70
93 94 80
94 95 5
95 96 5
96 97 69
97 98 14
98 99 44
99 100 91
100 101 12
101 102 34
102 103 53
103 104 19
104 105 89
105 106 60
106 107 34
107 108 71
108 109 58
109 110 83
110 111 68
111 112 2
112 113 34
113 114 32
114 115 99
115 116 2
116 117 65
117 118 55
118 119 3
119 120 15
120 121 2
121 122 9
122 123 52
123 124 18
124 125 69
125 126 45
126 127 35
127 128 38
128 129 98
129 130 73
130 131 12
131 132 31
132 133 8
133 134 34
134 135 28
135 136 44
136 137 6
137 138 20
138 139 94
139 140 43
140 141 16
141 142 49
142 143 59
143 144 46
144 145 31
145 146 17
146 147 24
147 148 25
148 149 9
149 150 71
150 151 24
151 152 63
152 153 30
153 154 69
154 155 100
155 156 72
156 157 42
157 158 99
158 159 21
159 160 71
160 161 68
161 162 6
162 163 29
163 164 34
164 165 1
165 166 15
166 167 9
167 168 44
168 169 99
169 170 96
170 171 7
171 172 80
172 173 98
173 174 82
174 175 80
175 176 31
176 177 79
177 178 39
178 179 77
179 180 28
180 181 51
181 182 100
182 183 45
183 184 44
184 185 13
185 186 60
186 187 98
187 188 29
188 189 40
189 190 34
190 191 29
191 192 61
192 193 75
193 194 63
194 195 54
195 196 17
196 197 80
197 198 71
198 199 32
199 200 70
151 165 67
39 50 68
151 168 87
174 189 56
57 67 30
176 185 51
175 177 87
191 199 67
109 113 51
97 113 15
109 118 59
153 170 58
115 133 97
32 51 6
126 145 75
92 97 82
51 65 55
88 95 77
54 63 29
89 101 79
185 191 24
165 167 26
61 78 20
130 134 79
79 89 26
139 150 27
178 192 74
113 116 36
182 199 85
193 200 82
119 130 3
171 178 59
141 157 16
191 198 65
169 171 97
148 154 98
37 47 55
78 80 50
131 134 72
46 52 65
47 65 61
123 143 76
3 16 21
146 157 72
73 93 3
62 66 74
129 135 26
40 43 69
63 74 11
192 194 15
139 147 41
44 64 78
55 63 78
63 70 11
45 53 58
152 160 8
194 200 42
57 60 38
155 171 45
140 147 85
17 33 41
186 198 40
123 142 9
171 176 23
104 108 68
135 143 35
102 118 76
185 193 10
97 100 53
170 190 79
152 162 80
131 133 7
68 88 15
10 17 57
18 32 78
94 114 96
36 54 69
151 162 86
167 181 27
158 164 26
88 101 9
186 189 44
90 101 68
5 8 69
59 79 42
71 82 30
126 144 60
98 104 24
150 170 15
86 104 21
43 57 13
114 134 28
97 105 25
146 155 29
26 35 62
26 38 24
113 120 99
133 142 86
16 19 30
46 59 29
172 184 63
10 22 2
129 138 33
29 38 10
114 130 46
65 73 83
64 70 86
2 13 25
180 193 70
118 123 3
162 165 2
101 121 78
101 118 77
147 158 55
91 111 74
141 158 13
151 167 7
56 71 58
108 112 23
116 133 82
98 111 14
124 134 94
12 32 98
26 33 83
157 165 62
95 102 64
128 139 44
9 28 2
149 156 77
75 89 23
98 117 75
184 191 87
12 25 72
150 152 36
124 126 66
152 170 54
16 25 4
83 99 96
146 150 25
43 59 47
171 190 38
27 37 51
194 196 66
89 94 31
35 47 20
21 30 96
76 87 19
90 103 66
17 31 95
87 91 84
34 52 14
190 198 59
110 122 95
66 85 76
2 8 27
166 172 7
15 26 40
57 68 76
59 68 62
188 197 28
42 44 36
91 104 42
64 75 49
164 172 7
131 141 69
111 113 21
138 149 30
190 197 6
8 11 18
70 72 99
98 106 94
74 94 28
159 178 50
52 64 74
174 194 96
182 188 59
111 124 29
84 92 76
128 133 4
181 197 87
87 95 26
119 127 15
35 51 69
102 122 34
38 42 77
41 50 53
65 78 62
112 120 52
47 66 36
116 121 43
165 179 15
113 129 18
129 146 99
10 21 69
94 111 27
180 194 48
128 148 39
115 135 67
25 35 23
165 177 83
180 187 41
82 95 37
144 159 90
154 170 35
174 191 71
65 67 50
25 38 1
83 95 47
74 77 81
26 34 100
20 27 62
149 158 87
142 145 55
170 185 62
66 83 47
43 61 62
153 159 18
90 96 63
91 110 17
2 6 81
147 157 99
126 129 27
151 156 32
118 131 55
36 43 31
123 139 94
20 32 97
172 178 13
26 32 66
130 135 76
60 66 43
30 50 80
172 174 3
51 67 44
90 107 89
114 124 14
26 29 100
84 94 100
103 116 66
113 121 47
78 87 60
34 42 77
71 91 48
77 92 17
129 148 66
89 103 84
58 73 13
89 104 11
58 71 23
119 122 92
96 106 74
100 102 83
121 139 88
122 126 86
125 144 13
123 126 33
125 128 65
125 129 64
69 84 59
13 29 4
44 49 81
65 80 27
176 182 97
36 47 52
121 125 47
171 185 26
175 180 73
152 157 61
26 43 74
52 60 29
76 93 3
111 122 56
33 37 54
102 104 29
167 170 1
41 61 40
106 122 63
88 97 71
33 53 97
100 106 82
189 196 23
50 55 20
61 76 10
38 58 92
52 69 93
190 193 38
95 112 55
148 163 65
102 114 99
147 162 64
102 105 68
188 199 7
133 144 9
35 40 41
165 181 39
188 198 49
121 136 24
69 85 16
116 129 51
34 45 37
149 154 55
56 60 2
196 199 37
69 87 36
82 100 74
174 182 54
112 116 92
174 178 47
136 151 71
145 164 57
47 63 62
144 155 71
58 63 62
1 8 58
145 162 92
150 161 90
107 115 24
62 65 22
46 60 74
128 146 35
43 63 26
180 182 90
55 73 26
89 106 82
178 188 99
15 24 42
177 194 98
80 97 31
177 180 52
75 86 16
189 200 76
147 161 46
116 126 76
163 180 38
106 110 28
173 189 70
33 40 46
197 199 66
65 74 89
23 26 42
59 72 47
21 27 57
11 28 62
49 62 50
130 147 63
14 32 70
14 23 5
169 172 79
187 191 2
114 125 62
5 15 22
154 163 69
11 14 11
5 23 15
31 47 35
81 86 84
106 121 74
9 14 83
92 101 100
153 165 36
145 165 92
61 72 18
42 62 59
18 37 80
121 138 68
13 28 46
108 117 76
121 132 86
187 195 18
31 43 1
16 30 4
79 81 7
193 198 68
176 178 64
144 148 12
73 79 83
73 75 40
97 115 16
104 123 86
155 159 28
78 96 52
68 74 55
26 44 100
106 115 78
73 89 2
33 48 97
68 86 98
130 146 39
167 182 7
138 147 7
38 41 53
20 30 98
13 30 31
89 102 84
145 158 23
174 190 43
79 84 94
193 195 2
177 195 68
41 58 71
72 80 79
28 44 88
126 140 36
176 184 7
146 153 82
176 188 61
56 70 64
81 95 17
161 180 92
155 165 2
93 108 96
144 154 87
4 12 78
147 155 83
128 145 60
28 35 91
94 98 71
133 148 28
161 168 76
80 92 98
36 41 8
37 56 49
181 188 25
173 187 52
98 101 19
119 125 89
87 92 74
81 89 68
55 59 31
7 17 56
91 97 87
143 160 43
183 197 21
81 90 22
83 89 58
84 96 76
135 149 52
161 173 31
126 131 56
132 139 32
131 138 49
1 5 39
62 74 33
70 79 14
103 114 68
178 184 47
71 85 32
40 60 14
194 197 35
93 101 93
92 95 88
46 61 9
38 57 4
93 109 22
116 127 51
36 51 71
195 200 47
44 50 61
124 143 69
33 41 54
18 34 23
94 102 9
179 181 28
6 25 10
98 103 32
154 166 80
118 122 57
39 58 65
105 120 1
19 35 45
70 86 72
81 91 73
37 54 26
165 172 22
16 36 20
125 135 57
64 73 17
170 179 33
76 89 13
142 156 33
174 185 29
5 11 78
134 136 80
178 198 3
18 33 95
191 196 56
95 113 35
24 39 40
11 18 45
167 180 59
94 101 39
106 109 17
14 19 41
183 200 56
112 122 35
178 186 63
56 75 92
150 166 5
45 57 61
32 52 38
102 116 52
122 138 41
117 122 28
92 104 65
90 110 58
41 52 54
58 76 85
92 109 45
149 157 66
185 196 4
76 78 47
73 85 50
167 183 17
102 115 11
12 31 90
45 59 96
130 150 28
131 142 14
102 107 26
74 89 94
6 26 84
96 99 68
164 184 76
64 72 46
80 98 12
134 153 21
68 83 30
159 163 62
27 43 3
188 195 87
157 164 23
126 132 4
117 119 31
103 120 47
56 63 30
47 55 53
186 190 100
130 149 17
92 112 47
46 66 88
166 173 36
106 114 20
138 157 72
182 189 90
20 40 85
12 14 80
122 137 8
38 43 3
187 192 88
40 46 73
139 142 61
133 135 72
25 37 33
6 9 93
85 90 46
48 54 83
69 79 73
136 145 64
35 46 82
90 99 98
166 183 44
69 73 94
64 83 2
65 69 10
150 164 37
64 68 18
93 104 24
83 85 14
80 82 35
50 53 57
94 107 32
190 192 58
9 13 52
170 175 32
122 136 76
30 37 31
143 151 71
70 77 91
182 192 73
117 123 80
133 140 38
105 114 96
124 142 13
118 125 25
7 16 97
62 75 35
1 17 8
148 161 88
58 66 8
60 71 24
196 198 51
66 84 36
112 127 64
84 99 79
184 196 52
119 128 98
34 53 22
87 100 93
40 49 11
116 120 59
160 173 57
137 139 14
159 177 12
162 167 63
168 183 86
109 119 100
45 64 37
117 125 41
142 155 17
81 85 23
9 26 85
37 45 100
19 21 21
138 141 19
97 111 47
31 36 36
83 97 53
97 112 47
159 175 24
115 118 69
97 104 89
71 84 19
93 113 8
97 102 36
57 70 43
185 189 72
138 148 32
60 69 88
163 179 62
55 66 79
21 33 34
19 23 76
169 184 88
38 50 73
132 146 73
143 158 42
144 156 25
68 82 89
87 105 72
39 42 66
177 193 8
125 134 60
111 115 87
10 23 18
30 44 90
25 31 17
77 91 14
49 55 20
29 40 59
108 114 93
180 183 64
175 183 1
102 108 100
182 187 76
129 137 94
121 133 69
136 150 100
29 32 14
169 178 27
46 53 87
7 10 31
123 125 4
72 78 63
178 190 18
55 71 34
191 195 98
125 133 78
146 166 71
46 50 36
134 151 50
3 5 84
188 200 56
95 114 62
17 22 90
53 67 36
127 147 4
52 66 69
6 22 46
196 200 12
40 44 86
107 123 69
188 191 97
169 181 83
68 78 58
190 194 32
102 106 31
159 167 53
55 65 7
71 87 38
151 160 23
19 26 5
80 100 98
109 129 12
8 18 80
64 71 88
144 162 12
185 190 29
114 129 76
84 87 50
166 186 59
100 117 81
34 41 73
38 48 90
162 169 59
147 156 14
99 105 80
50 63 64
192 197 65
2 16 13
99 110 68
56 61 79
112 130 3
156 174 86
100 116 42
82 91 45
176 190 97
190 196 85
175 192 50
167 184 53
96 113 93
20 23 22
149 162 54
29 47 3
86 94 56
50 64 20
65 76 83
124 140 87
110 121 62
156 173 73
126 134 40
136 139 80
179 195 51
11 20 33
128 132 97
93 105 16
193 197 8
8 24 16
176 189 24
41 45 73
120 126 82
173 181 99
27 44 14
6 16 23
58 67 15
149 169 3
22 31 53
76 79 18
148 158 77
104 114 50
141 150 56
155 174 5
41 54 41
81 98 41
95 110 50
112 121 28
95 98 8
169 186 35
114 119 2
63 68 59
151 158 18
110 120 99
177 189 18
34 54 42
91 94 64
5 20 36
28 47 44
49 61 98
133 143 90
52 68 48
126 133 19
29 31 36
106 126 66
71 76 68
93 95 51
21 32 36
140 160 58
5 16 84
85 92 33
69 80 87
43 58 13
155 157 98
26 31 89
148 164 80
51 71 8
138 143 3
113 131 4
19 38 38
34 49 95
2 14 81
95 107 58
124 128 26
144 152 68
3 14 9
74 78 4
152 163 6
166 176 84
37 48 32
42 51 41
24 30 68
78 89 72
187 193 36
110 118 22
185 192 76
120 125 84
42 56 51
29 46 78
129 136 11
144 158 94
178 185 8
48 50 20
176 194 47
122 140 5
120 135 21
91 105 12
55 58 72
90 106 42
17 35 86
118 129 34
70 80 59
161 172 16
48 58 75
23 28 62
124 129 41
184 199 24
184 187 77
44 51 46
42 61 55
18 26 76
104 109 21
45 51 21
64 81 22
30 48 4
103 106 90
79 88 61
10 16 96
67 85 75
84 91 60
112 131 3
113 124 57
94 99 98
80 93 46
15 30 88
80 85 13
184 194 94
116 136 97
138 154 67
74 90 57
105 123 16
99 108 19
99 111 39
143 159 88
137 156 34
35 49 39
104 112 74
149 166 85
86 106 63
104 124 97
35 48 86
109 114 27
123 127 7
56 67 28
58 77 64
150 156 10
117 136 63
106 112 33
1 4 63
146 161 26
43 51 80
16 20 96
131 150 59
92 105 70
109 124 100
42 54 67
57 64 18
38 47 33
185 198 31
19 29 22
11 30 57
62 68 99
36 44 25
113 122 22
195 199 71
168 170 53
42 46 3
99 102 11
165 175 21
96 107 38
63 67 24
17 25 45
23 30 79
37 42 83
182 193 10
140 143 88
174 184 29
12 28 17
22 36 48
32 50 75
98 116 85
59 70 16
61 79 32
60 62 25
181 187 84
40 50 77
38 44 37
90 102 58
112 117 88
130 148 30
38 49 17
133 153 39
74 92 63
107 124 66
118 126 35
107 114 38
130 136 87
30 35 86
75 78 57
101 112 78
94 105 61
97 110 56
91 108 87
57 65 61
62 78 10
89 97 12
158 170 12
144 160 93
97 117 91
54 64 36
17 27 32
151 170 55
156 170 74
118 124 6
168 187 55
23 43 28
184 188 89
154 156 49
4 24 21
147 163 78
83 101 99
54 71 78
192 198 31
75 92 82
1 3 83
78 98 98
135 148 3
125 138 94
84 97 71
144 149 30
143 154 71
19 24 58
189 194 13
19 39 24
29 45 78
140 146 27
94 109 14
51 69 85
42 49 17
156 169 32
29 41 54
140 150 26
179 193 57
3 8 31
95 97 57
52 56 95
128 142 33
193 196 57
53 69 14
75 85 75
122 134 75
187 199 42
32 46 3
190 199 83
15 17 84
75 93 57
73 82 91
165 169 68
187 194 51
86 93 27
42 53 34
160 174 98
36 55 10
169 180 22
67 84 12
125 127 15
7 23 9
86 98 48
115 131 58
65 68 58
101 104 57
28 43 19
174 176 87
37 43 91
67 87 81
158 173 76
135 139 20
19 36 74
195 197 76
13 20 50
41 43 30
41 60 90
134 137 68
91 95 63
23 25 65
73 88 50
186 194 62
17 32 14
49 59 98
51 55 87
121 137 83
76 92 13
7 25 43
174 193 2
175 184 61
105 121 74
50 67 82
82 88 51
161 171 14
60 78 97
16 23 3
14 30 22
143 161 51
63 82 19
177 182 27
115 128 88
28 46 46
4 7 98
153 156 8
92 98 91
181 191 48
152 159 60
57 71 47
120 134 51
54 59 42
70 89 50
98 109 74
24 34 91
165 171 66
14 25 83
84 98 48
72 83 54
179 182 4
50 62 94
8 12 59
25 41 20
91 106 87
147 153 39
24 38 58
79 98 63
28 30 19
20 25 20
160 169 68
99 119 55
103 109 87
131 151 67
142 159 14
84 86 73
9 23 96
4 16 4
155 167 92
75 77 26
47 54 67
62 67 5
127 131 13
66 69 36
97 116 98
152 158 26
179 196 58
73 78 61
110 117 87
20 31 44
94 97 35
66 72 97
121 128 38
144 146 11
155 169 78
11 21 82
183 194 43
167 175 87
171 186 23
18 22 31
179 197 42
42 58 30
47 49 65
59 63 63
104 111 99
118 132 51
26 30 93
58 62 83
155 173 45
18 35 60
123 137 97
177 190 90
28 31 21
143 150 31
162 173 17
190 200 38
50 56 11
175 186 46
174 186 27
33 45 35
128 136 6
22 42 89
167 173 40
61 68 84
143 147 43
180 195 3
160 176 55
114 116 9
43 50 90
75 83 22
79 97 62
66 76 67
159 169 23
48 66 36
105 125 72
163 169 94
89 98 44
172 179 58
51 59 63
8 13 58
87 93 5
66 78 14
22 24 10
107 127 12
147 165 17
132 134 88
57 66 16
129 134 86
50 60 93
2 10 96
49 63 39
104 115 67
99 118 79
25 27 68
98 102 53
93 99 14
62 80 13
23 27 100
60 79 57
195 198 44
94 113 33
59 62 6
173 186 16
43 60 14
39 52 17
14 28 67
143 157 23
161 179 90
167 174 51
69 71 2
180 189 33
168 180 3
86 91 67
70 76 50
83 88 6
103 117 93
138 150 28
35 39 32
103 121 37
169 182 86
32 43 56
186 196 29
91 107 78
71 83 36
111 126 97
33 42 37
12 16 56
131 145 57
14 24 66
161 163 85
72 87 1
141 147 89
64 76 66
192 195 2
9 17 24
171 187 28
82 98 95
106 124 76
65 81 75
151 157 35
93 110 25
189 198 100
160 166 99
177 181 15
182 200 88
175 190 35
175 188 80
150 162 21
1 15 97
12 29 76
54 65 64
117 124 51
49 52 79
161 178 11
55 64 1
104 121 72
57 59 27
96 114 76
158 171 93
103 108 38
126 130 81
68 84 13
102 110 44
139 143 57
53 65 56
162 180 100
98 114 12
121 129 59
145 148 54
96 109 18
170 186 84
122 139 52
25 44 32
162 168 42
69 81 39
148 157 67
171 189 88
82 87 63
177 185 92
165 176 62
1 16 10
153 168 33
2 22 94
172 183 45
127 145 96
86 101 62
108 116 95
45 60 39
129 144 42
134 145 33
128 138 96
23 42 14
88 99 58
120 128 42
111 121 30
88 107 14
167 178 19
188 196 99
180 199 68
110 129 10
117 126 86
77 96 56
160 180 50
46 65 55
194 199 97
96 112 49
12 22 43
143 153 55
163 176 32
19 31 59
142 157 92
99 109 1
149 167 43
178 183 20
164 182 48
102 109 97
38 51 72
40 52 100
20 24 70
19 27 30
26 28 61
182 184 41
35 38 33
106 116 1
110 113 11
168 175 29
57 76 49
170 187 4
149 155 54
176 193 18
173 190 100
53 55 91
150 163 62
32 36 56
67 73 41
1 6 65
56 68 10
13 27 65
61 77 69
115 132 77
63 81 5
164 167 43
27 41 46
181 196 3
85 105 79
10 18 91
107 109 96
2 17 9
71 79 26
18 28 93
132 149 56
23 41 27
66 71 50
49 58 56
160 178 69
178 180 51
50 57 15
96 108 83
183 198 7
170 189 97
138 156 38
115 124 22
169 176 66
106 123 31
1 13 42
2 7 87
69 77 39
24 35 86
29 44 31
1 14 15
31 39 31
4 11 46
95 106 28
165 182 96
63 77 39
63 69 16
177 187 18
170 183 52
159 165 36
147 152 46
113 130 67
114 131 44
80 95 64
12 21 5
181 184 78
26 40 88
79 95 39
134 152 6
8 22 98
163 165 43
1 19 46
109 121 27
67 69 36
98 100 38
38 53 82
119 121 17
128 137 71
101 107 88
160 171 41
35 54 44
72 74 78
35 52 67
61 74 22
75 81 4
77 89 72
159 176 86
177 186 79
194 198 30
91 93 59
117 129 52
9 15 62
129 140 43
103 113 33
126 142 94
186 188 97
110 115 15
128 143 30
1 21 80
6 10 56
89 99 57
143 146 22
82 89 84
52 59 77
150 159 55
111 114 25
77 84 15
147 160 99
178 196 80
3 9 15
169 173 96
14 26 57
30 39 96
13 26 90
130 140 7
1 12 28
137 148 40
4 6 11
143 149 21
19 32 86
39 57 22
184 198 18
179 187 62
68 80 4
169 175 28
77 93 49
144 147 30
163 177 22
163 167 61
48 68 42
53 61 35
150 160 48
140 157 15
118 120 31
193 199 12
85 102 63
36 53 34
131 136 17
122 127 41
4 18 17
105 110 75
40 53 30
63 75 12
132 136 65
9 27 20
145 153 25
140 158 54
177 192 61
171 188 17
44 56 66
7 9 24
7 15 46
126 146 80
102 120 54
57 77 94
51 64 24
182 190 80
145 151 67
152 161 56
103 107 70
150 155 47
168 182 3
29 48 20
30 41 50
47 59 87
110 116 77
165 183 75
82 94 42
8 17 14
149 159 20
156 176 65
58 78 47
129 143 4
111 128 64
107 113 28
15 34 32
161 165 36
181 192 12
154 171 54
90 105 33
49 56 18
137 143 46
160 175 10
96 102 69
48 63 36
135 154 5
60 72 91
197 200 36
103 112 52
189 195 33
147 166 15
105 118 36
180 198 100
129 142 85
104 117 76
154 161 22
20 38 70
157 170 82
25 34 25
64 80 56
61 67 58
60 68 50
44 48 86
156 165 40
58 64 57
28 33 4
88 91 18
146 158 57
167 187 73
13 19 35
134 142 81
5 7 91
39 49 89
142 153 47
104 107 20
10 28 60
59 75 28
188 192 54
43 53 45
88 96 76
182 195 43
102 121 52
119 123 20
118 137 8
40 45 63
174 188 41
138 155 100
159 170 37
127 144 89
114 120 41
120 138 9
185 199 63
75 84 3
70 83 87
120 131 81
6 24 74
54 70 95
59 67 5
134 147 28
61 63 100
90 97 62
15 25 3
54 69 29
81 94 80
145 152 32
76 81 2
25 40 93
37 41 56
72 84 15
96 101 45
39 54 32
57 69 81
89 109 39
132 152 56
11 25 60
87 103 23
179 184 37
90 98 42
77 86 21
155 163 31
6 21 56
173 180 76
5 17 39
167 179 91
157 172 18
158 163 30
4 9 21
160 179 61
85 94 12
19 34 22
12 19 82
66 75 39
133 149 66
136 156 26
183 191 51
86 105 44
186 192 89
89 105 41
112 126 52
21 38 72
157 171 28
171 182 69
52 72 66
37 53 86
143 163 14
42 52 20
81 87 16
181 198 37
87 106 84
13 17 33
56 65 27
100 114 87
71 75 41
55 74 62
99 113 62
66 86 40
141 146 52
182 186 71
45 58 81
109 116 54
180 188 18
184 197 26
106 113 65
96 104 44
176 196 74
108 123 46
173 191 47
160 165 65
166 178 60
149 161 37
123 129 61
137 157 65
108 120 56
117 128 93
159 171 69
88 106 51
4 13 30
25 39 26
181 193 99
13 22 53
113 126 30
34 51 62
105 115 65
136 143 43
137 147 65
44 57 50
112 118 10
46 51 52
192 200 100
72 75 39
146 154 47
78 82 84
135 155 16
158 166 22
178 187 77
181 183 25
20 33 46
60 77 12
9 22 70
87 96 34
164 183 11
131 139 96
123 133 34
51 66 29
79 92 21
127 141 70
142 162 52
167 177 33
15 35 22
13 23 97
82 92 42
52 70 22
118 133 32
88 104 23
160 172 22
180 197 40
165 185 62
5 18 77
140 155 36
90 104 34
191 200 87
181 189 85
70 84 31
144 157 44
183 195 27
51 61 79
21 40 82
85 87 79
99 103 60
136 152 87
131 148 47
36 45 55
95 101 52
42 55 95
176 183 27
77 88 75
42 60 30
66 74 73
125 139 56
120 133 99
23 29 42
36 40 6
175 191 35
132 137 6
72 82 73
52 67 1
118 134 39
13 33 81
151 166 27
162 177 79
69 78 38
186 191 47
149 164 92
60 76 4
33 47 18
82 96 88
137 145 11
179 191 13
173 175 42
107 110 72
71 74 20
62 79 64
171 181 95
56 58 45
114 128 6
2 20 84
179 188 78
118 135 68
7 22 56
44 54 57
139 157 72
148 162 84
141 143 44
128 135 38
89 95 90
103 105 50
164 169 9
95 109 26
108 126 82
109 128 30
66 70 19
111 118 61
169 179 31
107 118 51
2 21 97
153 166 10
185 200 68
147 154 84
31 33 17
17 21 27
62 76 43
84 101 67
169 188 49
117 120 40
164 179 43
112 128 60
25 33 25
159 164 5
116 130 8
144 161 52
123 128 3
124 130 4
28 39 83
45 52 89
76 80 57
149 153 31
155 160 84
32 49 17
185 188 95
41 57 46
27 32 1
163 171 7
6 23 94
90 109 74
83 93 54
16 35 83
24 31 16
156 167 96
110 112 37
110 127 13
107 121 45
85 95 99
10 27 27
144 164 91
49 69 89
101 116 49
175 195 70
109 120 16
150 165 83
111 119 54
15 32 72
14 29 90
117 121 65
29 43 92
136 140 84
121 130 22
191 197 43
86 89 54
66 79 99
173 193 60
30 33 48
94 100 51
90 93 1
2 18 40
125 140 72
30 40 40
53 56 49
43 49 84
198 200 9
181 200 77
44 62 71
185 195 81
47 57 4
135 146 37
157 173 85
31 50 85
177 197 55
56 72 61
119 126 87
86 96 56
144 163 4
79 94 42
153 162 56
109 127 94
90 92 82
76 91 46
105 122 14
183 196 32
108 111 87
94 104 55
111 129 17
19 28 52
156 171 52
20 34 6
189 191 96
77 81 48
134 150 46
17 20 31
179 194 83
68 87 98
8 23 85
114 118 96
119 139 56
187 189 11
77 90 99
156 163 91
155 170 22
102 119 94
121 127 94
44 46 95
20 29 76
52 62 33
54 61 14
116 118 20
53 59 19
24 44 64
186 199 89
174 183 53
16 31 44
176 192 1
100 118 70
161 181 62
44 47 78
