0 80864 0 19136 0
10 80864 0 19136 0
20 80864 0 19136 0
30 80864 0 19136 0
40 80864 0 19136 0
50 80864 1 19135 0
60 80864 3 19133 0
70 80864 4 19132 0
80 80864 7 19129 0
90 80864 11 19125 0
100 80864 14 19122 0
110 80864 24 19112 0
120 80864 30 19106 0
130 80864 35 19101 0
140 80864 50 19086 0
150 80864 69 19067 0
160 80864 97 19039 0
170 80864 119 19017 0
180 80864 140 18996 0
190 80864 173 18963 0
200 80864 204 18932 0
210 80864 246 18890 0
220 80864 293 18843 0
230 80864 350 18786 0
240 80864 417 18719 0
250 80864 492 18644 0
260 80864 561 18575 0
270 80864 645 18491 0
280 80864 728 18408 0
290 80864 807 18329 0
300 80864 922 18214 0
310 80864 1017 18119 0
320 80864 1099 18037 0
330 80864 1206 17930 0
340 80864 1317 17819 0
350 80864 1434 17702 0
360 80864 1547 17589 0
370 80864 1666 17470 0
380 80864 1782 17354 0
390 80864 1910 17226 0
400 80864 2025 17111 0
410 80864 2149 16987 0
420 80864 2282 16854 0
430 80864 2413 16723 0
440 80864 2576 16560 0
450 80864 2711 16425 0
460 80864 2870 16266 0
470 80864 3013 16123 0
480 80864 3173 15963 0
490 80864 3293 15843 0
500 80864 3421 15715 0
510 80864 3535 15601 0
520 80864 3666 15470 0
530 80864 3767 15369 0
540 80864 3867 15269 0
550 80864 3960 15176 0
560 80864 4036 15100 0
570 80864 4123 15013 0
580 80864 4202 14934 0
590 80864 4287 14849 0
600 80864 4353 14783 0
610 80864 4412 14724 0
620 80864 4491 14645 0
630 80864 4543 14593 0
640 80864 4593 14543 0
650 80864 4643 14493 0
660 80864 4699 14437 0
670 80864 4809 14327 0
680 78599 7353 11783 2265
690 77925 7684 11452 2939
700 77925 7730 11406 2939
710 77925 7775 11361 2939
720 77828 7916 11220 3036
730 77762 8022 11114 3102
740 77754 8066 11070 3110
750 77750 8105 11031 3114
760 77747 8133 11003 3117
770 77742 8180 10956 3122
780 77731 8217 10919 3133
790 77720 8257 10879 3144
800 77693 8290 10846 3171
810 77664 8330 10806 3200
820 77625 8367 10769 3239
830 77614 8410 10726 3250
840 77609 8446 10690 3255
850 77603 8482 10654 3261
860 77599 8530 10606 3265
870 77592 8573 10563 3272
880 77586 8627 10509 3278
890 77573 8671 10465 3291
900 77561 8725 10411 3303
910 77553 8821 10315 3311
920 77551 8924 10212 3313
930 77548 9017 10119 3316
940 77537 9121 10015 3327
950 77536 9202 9934 3328
960 77535 9250 9886 3329
970 77532 9313 9823 3332
980 77530 9368 9768 3334
990 77529 9428 9708 3335
1000 77519 9463 9673 3345
1010 77496 9523 9613 3368
1020 77484 9582 9554 3380
1030 77479 9664 9472 3385
1040 77455 9726 9410 3409
1050 77424 9799 9337 3440
1060 77418 9847 9289 3446
1070 77403 9889 9247 3461
1080 77397 9957 9179 3467
1090 77388 10007 9129 3476
1100 77378 10060 9076 3486
1110 77373 10104 9032 3491
1120 77369 10150 8986 3495
1130 77367 10197 8939 3497
1140 77364 10251 8885 3500
1150 77362 10299 8837 3502
1160 77359 10335 8801 3505
1170 77352 10376 8760 3512
1180 77347 10421 8715 3517
1190 77345 10463 8673 3519
1200 77344 10501 8635 3520
1210 77341 10534 8602 3523
1220 77339 10577 8559 3525
1230 77338 10617 8519 3526
1240 77335 10654 8482 3529
1250 77331 10686 8450 3533
1260 77328 10726 8410 3536
1270 77327 10760 8376 3537
1280 77323 10805 8331 3541
1290 77320 10849 8287 3544
1300 77319 10881 8255 3545
1310 77316 10912 8224 3548
1320 77311 10963 8173 3553
1330 77309 11012 8124 3555
1340 77308 11058 8078 3556
1350 77303 11099 8037 3561
1360 77299 11146 7990 3565
1370 77296 11177 7959 3568
1380 77294 11221 7915 3570
1390 77290 11258 7878 3574
1400 77287 11304 7832 3577
1410 77286 11336 7800 3578
1420 77281 11381 7755 3583
1430 77275 11424 7712 3589
1440 77271 11463 7673 3593
1450 77268 11503 7633 3596
1460 77266 11537 7599 3598
1470 77263 11570 7566 3601
1480 77259 11607 7529 3605
1490 77254 11642 7494 3610
1500 77253 11681 7455 3611
1510 77252 11710 7426 3612
1520 77230 11743 7393 3634
1530 77123 11775 7361 3741
1540 77037 11815 7321 3827
1550 77018 11843 7293 3846
1560 77002 11882 7254 3862
1570 76981 11912 7224 3883
1580 76964 11946 7190 3900
1590 76950 11974 7162 3914
1600 76943 12014 7122 3921
1610 76933 12041 7095 3931
1620 76924 12072 7064 3940
1630 76914 12114 7022 3950
1640 76907 12137 6999 3957
1650 76902 12166 6970 3962
1660 76894 12198 6938 3970
1670 76888 12227 6909 3976
1680 76881 12254 6882 3983
1690 76876 12276 6860 3988
1700 76860 12314 6822 4004
1710 76842 12340 6796 4022
1720 76831 12370 6766 4033
1730 76813 12391 6745 4051
1740 76765 12416 6720 4099
1750 76743 12439 6697 4121
1760 76723 12487 6649 4141
1770 76698 12509 6627 4166
1780 76677 12534 6602 4187
1790 76667 12570 6566 4197
1800 76652 12607 6529 4212
1810 76638 12643 6493 4226
1820 76627 12670 6466 4237
1830 76610 12696 6440 4254
1840 76591 12732 6404 4273
1850 76571 12761 6375 4293
1860 76542 12784 6352 4322
1870 76485 12806 6330 4379
1880 76474 12824 6312 4390
1890 76462 12850 6286 4402
1900 76452 12870 6266 4412
1910 76447 12895 6241 4417
1920 76434 12918 6218 4430
1930 76427 12938 6198 4437
1940 76418 12952 6184 4446
1950 76413 12968 6168 4451
1960 76402 12987 6149 4462
1970 76390 13004 6132 4474
1980 76381 13022 6114 4483
1990 76374 13043 6093 4490
2000 76362 13067 6069 4502
2010 76353 13088 6048 4511
2020 76338 13112 6024 4526
2030 76319 13139 5997 4545
2040 76300 13164 5972 4564
2050 76280 13184 5952 4584
2060 76261 13206 5930 4603
2070 76245 13232 5904 4619
2080 76220 13259 5877 4644
2090 76195 13288 5848 4669
2100 76174 13311 5825 4690
2110 76150 13328 5808 4714
2120 76129 13351 5785 4735
2130 76109 13369 5767 4755
2140 76094 13394 5742 4770
2150 76082 13413 5723 4782
2160 76067 13431 5705 4797
2170 76058 13448 5688 4806
2180 76046 13470 5666 4818
2190 76037 13492 5644 4827
2200 76022 13512 5624 4842
2210 76009 13531 5605 4855
2220 75997 13549 5587 4867
2230 75983 13577 5559 4881
2240 69776 13595 5541 11088
2250 69750 13616 5520 11114
2260 69737 13631 5505 11127
2270 69719 13651 5485 11145
2280 69702 13669 5467 11162
2290 69673 13700 5436 11191
2300 69656 13724 5412 11208
2310 69638 13752 5384 11226
2320 69625 13773 5363 11239
2330 69613 13790 5346 11251
2340 69590 13816 5320 11274
2350 69578 13833 5303 11286
2360 69568 13848 5288 11296
2370 69555 13871 5265 11309
2380 69534 13884 5252 11330
2390 69520 13901 5235 11344
2400 69506 13920 5216 11358
2410 69494 13936 5200 11370
2420 69471 13951 5185 11393
2430 69461 13964 5172 11403
2440 69442 13979 5157 11422
2450 69423 13990 5146 11441
2460 69407 14004 5132 11457
2470 69385 14015 5121 11479
2480 69370 14030 5106 11494
2490 69349 14048 5088 11515
2500 69331 14062 5074 11533
2510 69315 14072 5064 11549
2520 69286 14082 5054 11578
2530 69259 14093 5043 11605
2540 69241 14114 5022 11623
2550 69220 14123 5013 11644
2560 69193 14134 5002 11671
2570 69171 14146 4990 11693
2580 69144 14159 4977 11720
2590 69112 14165 4971 11752
2600 69098 14175 4961 11766
2610 69082 14187 4949 11782
2620 69067 14204 4932 11797
2630 69049 14216 4920 11815
2640 69033 14226 4910 11831
2650 69015 14240 4896 11849
2660 69001 14249 4887 11863
2670 68985 14253 4883 11879
2680 68978 14273 4863 11886
2690 68968 14283 4853 11896
2700 68955 14293 4843 11909
2710 68944 14307 4829 11920
2720 68924 14320 4816 11940
2730 68857 14332 4804 12007
2740 68535 14347 4789 12329
2750 68416 14355 4781 12448
2760 3253 14365 4771 77611
2770 3109 14375 4761 77755
2780 3089 14386 4750 77775
2790 3078 14406 4730 77786
2800 3066 14420 4716 77798
2810 3049 14437 4699 77815
2820 3031 14454 4682 77833
2830 3012 14466 4670 77852
2840 2984 14481 4655 77880
2850 2963 14491 4645 77901
2860 2934 14500 4636 77930
2870 2901 14516 4620 77963
2880 2867 14534 4602 77997
2890 2836 14548 4588 78028
2900 2786 14564 4572 78078
2910 2754 14573 4563 78110
2920 2721 14582 4554 78143
2930 2680 14596 4540 78184
2940 2661 14608 4528 78203
2950 2620 14614 4522 78244
2960 2589 14625 4511 78275
2970 2552 14635 4501 78312
2980 2537 14644 4492 78327
2990 2523 14656 4480 78341
3000 2511 14663 4473 78353
3010 2497 14674 4462 78367
3020 2487 14687 4449 78377
3030 2473 14700 4436 78391
3040 2462 14712 4424 78402
3050 2452 14720 4416 78412
3060 2445 14725 4411 78419
3070 2435 14737 4399 78429
3080 2429 14749 4387 78435
3090 2425 14760 4376 78439
3100 2417 14771 4365 78447
3110 2409 14780 4356 78455
3120 2404 14792 4344 78460
3130 2401 14803 4333 78463
3140 2399 14808 4328 78465
3150 2396 14814 4322 78468
3160 2392 14828 4308 78472
3170 2388 14834 4302 78476
3180 2385 14842 4294 78479
3190 2383 14846 4290 78481
3200 2378 14857 4279 78486
3210 2377 14862 4274 78487
3220 2373 14870 4266 78491
3230 2373 14876 4260 78491
3240 2372 14882 4254 78492
3250 2371 14889 4247 78493
3260 2365 14896 4240 78499
3270 2364 14906 4230 78500
3280 2360 14913 4223 78504
3290 2358 14918 4218 78506
3300 2355 14939 4197 78509
3310 2352 14944 4192 78512
3320 2345 14957 4179 78519
3330 2326 14965 4171 78538
3340 2293 14973 4163 78571
3350 2283 14985 4151 78581
3360 2283 14995 4141 78581
3370 2280 14999 4137 78584
3380 2280 15007 4129 78584
3390 2279 15014 4122 78585
3400 2278 15023 4113 78586
3410 2276 15029 4107 78588
3420 2276 15034 4102 78588
3430 2275 15044 4092 78589
3440 2274 15046 4090 78590
3450 2273 15058 4078 78591
3460 2273 15063 4073 78591
3470 2272 15069 4067 78592
3480 2272 15077 4059 78592
3490 2271 15085 4051 78593
3500 2269 15092 4044 78595
3510 2267 15100 4036 78597
3520 2263 15102 4034 78601
3530 2262 15107 4029 78602
3540 2261 15119 4017 78603
3550 2258 15132 4004 78606
3560 2256 15144 3992 78608
3570 2254 15151 3985 78610
3580 2251 15158 3978 78613
3590 2250 15164 3972 78614
3600 2249 15173 3963 78615
3610 2247 15183 3953 78617
3620 2244 15195 3941 78620
3630 2240 15200 3936 78624
3640 2219 15205 3931 78645
3650 2211 15209 3927 78653
3660 2105 15220 3916 78759
3670 2043 15230 3906 78821
3680 2035 15237 3899 78829
3690 1941 15242 3894 78923
3700 1885 15249 3887 78979
3710 1642 15254 3882 79222
3720 1442 15257 3879 79422
3730 1217 15261 3875 79647
3740 762 15272 3864 80102
3750 761 15281 3855 80103
3760 761 15287 3849 80103
3770 761 15295 3841 80103
3780 761 15301 3835 80103
3790 761 15305 3831 80103
3800 761 15308 3828 80103
3810 761 15310 3826 80103
3820 761 15321 3815 80103
3830 761 15325 3811 80103
3840 761 15330 3806 80103
3850 761 15337 3799 80103
3860 761 15342 3794 80103
3870 761 15348 3788 80103
3880 761 15355 3781 80103
3890 761 15358 3778 80103
3900 761 15360 3776 80103
3910 760 15367 3769 80104
3920 760 15376 3760 80104
3930 760 15383 3753 80104
3940 760 15385 3751 80104
3950 760 15391 3745 80104
3960 760 15391 3745 80104
3970 760 15394 3742 80104
3980 760 15395 3741 80104
3990 760 15397 3739 80104
4000 760 15408 3728 80104
4010 760 15410 3726 80104
4020 760 15415 3721 80104
4030 760 15424 3712 80104
4040 760 15427 3709 80104
4050 760 15439 3697 80104
4060 760 15446 3690 80104
4070 760 15449 3687 80104
4080 760 15459 3677 80104
4090 760 15463 3673 80104
4100 760 15469 3667 80104
4110 760 15480 3656 80104
4120 760 15485 3651 80104
4130 760 15489 3647 80104
4140 760 15494 3642 80104
4150 760 15503 3633 80104
4160 760 15508 3628 80104
4170 760 15512 3624 80104
4180 760 15516 3620 80104
4190 760 15523 3613 80104
4200 760 15527 3609 80104
4210 760 15536 3600 80104
4220 760 15539 3597 80104
4230 760 15541 3595 80104
4240 760 15544 3592 80104
4250 760 15548 3588 80104
4260 760 15551 3585 80104
4270 759 15553 3583 80105
4280 759 15557 3579 80105
4290 759 15562 3574 80105
4300 759 15570 3566 80105
4310 759 15576 3560 80105
4320 759 15579 3557 80105
4330 759 15583 3553 80105
4340 759 15587 3549 80105
4350 759 15592 3544 80105
4360 759 15599 3537 80105
4370 759 15604 3532 80105
4380 759 15609 3527 80105
4390 759 15613 3523 80105
4400 759 15620 3516 80105
4410 759 15626 3510 80105
4420 759 15633 3503 80105
4430 759 15638 3498 80105
4440 758 15643 3493 80106
4450 758 15649 3487 80106
4460 758 15655 3481 80106
4470 758 15665 3471 80106
4480 758 15673 3463 80106
4490 758 15680 3456 80106
4500 758 15691 3445 80106
4510 758 15698 3438 80106
4520 756 15710 3426 80108
4530 756 15720 3416 80108
4540 756 15725 3411 80108
4550 756 15733 3403 80108
4560 756 15739 3397 80108
4570 756 15746 3390 80108
4580 756 15750 3386 80108
4590 756 15752 3384 80108
4600 756 15759 3377 80108
4610 756 15764 3372 80108
4620 756 15768 3368 80108
4630 756 15774 3362 80108
4640 756 15779 3357 80108
4650 755 15784 3352 80109
4660 755 15790 3346 80109
4670 755 15794 3342 80109
4680 755 15797 3339 80109
4690 755 15804 3332 80109
4700 755 15809 3327 80109
4710 755 15816 3320 80109
4720 755 15820 3316 80109
4730 755 15828 3308 80109
4740 755 15836 3300 80109
4750 753 15846 3290 80111
4760 753 15850 3286 80111
4770 753 15856 3280 80111
4780 753 15863 3273 80111
4790 753 15871 3265 80111
4800 753 15880 3256 80111
4810 753 15883 3253 80111
4820 753 15886 3250 80111
4830 753 15891 3245 80111
4840 753 15899 3237 80111
4850 753 15906 3230 80111
4860 753 15911 3225 80111
4870 753 15915 3221 80111
4880 753 15921 3215 80111
4890 753 15934 3202 80111
4900 753 15941 3195 80111
4910 753 15948 3188 80111
4920 753 15956 3180 80111
4930 753 15966 3170 80111
4940 753 15972 3164 80111
4950 753 15976 3160 80111
4960 753 15979 3157 80111
4970 753 15986 3150 80111
4980 753 15993 3143 80111
4990 753 15996 3140 80111
5000 753 16000 3136 80111
5100 753 16027 3109 80111
5200 752 16063 3073 80112
5300 752 16092 3044 80112
5400 751 16140 2996 80113
5500 749 16183 2953 80115
5600 749 16241 2895 80115
5700 749 16278 2858 80115
5800 749 16307 2829 80115
5900 749 16356 2780 80115
6000 748 16399 2737 80116
6100 745 16432 2704 80119
6200 741 16457 2679 80123
6300 735 16476 2660 80129
6400 734 16503 2633 80130
6500 734 16549 2587 80130
6600 734 16587 2549 80130
6700 734 16620 2516 80130
6800 734 16675 2461 80130
6900 734 16714 2422 80130
7000 734 16757 2379 80130
7100 734 16801 2335 80130
7200 733 16830 2306 80131
7300 733 16855 2281 80131
7400 733 16885 2251 80131
7500 733 16905 2231 80131
7600 733 16922 2214 80131
7700 733 16942 2194 80131
7800 733 16965 2171 80131
7900 733 16988 2148 80131
8000 733 17021 2115 80131
8100 732 17063 2073 80132
8200 732 17094 2042 80132
8300 731 17122 2014 80133
8400 711 17140 1996 80153
8500 695 17160 1976 80169
8600 680 17187 1949 80184
8700 665 17221 1915 80199
8800 650 17262 1874 80214
8900 638 17298 1838 80226
9000 629 17322 1814 80235
9100 625 17343 1793 80239
9200 621 17376 1760 80243
9300 614 17407 1729 80250
9400 606 17438 1698 80258
9500 592 17464 1672 80272
9600 578 17492 1644 80286
9700 566 17516 1620 80298
9800 566 17547 1589 80298
9900 565 17576 1560 80299
10000 563 17593 1543 80301
10100 561 17611 1525 80303
10200 561 17624 1512 80303
10300 560 17638 1498 80304
10400 559 17658 1478 80305
10500 557 17669 1467 80307
10600 557 17681 1455 80307
10700 557 17700 1436 80307
10800 557 17719 1417 80307
10900 557 17727 1409 80307
11000 557 17750 1386 80307
11100 557 17772 1364 80307
11200 557 17784 1352 80307
11300 557 17793 1343 80307
11400 557 17803 1333 80307
11500 557 17814 1322 80307
11600 557 17829 1307 80307
11700 557 17843 1293 80307
11800 557 17860 1276 80307
11900 556 17872 1264 80308
12000 555 17886 1250 80309
12100 555 17900 1236 80309
12200 555 17912 1224 80309
12300 555 17932 1204 80309
12400 555 17948 1188 80309
12500 554 17969 1167 80310
12600 554 17982 1154 80310
12700 554 17996 1140 80310
12800 554 18013 1123 80310
12900 553 18021 1115 80311
13000 553 18039 1097 80311
13100 552 18049 1087 80312
13200 551 18057 1079 80313
13300 551 18066 1070 80313
13400 551 18076 1060 80313
13500 551 18082 1054 80313
13600 551 18095 1041 80313
13700 551 18105 1031 80313
13800 551 18114 1022 80313
13900 551 18125 1011 80313
14000 551 18136 1000 80313
14100 551 18155 981 80313
14200 551 18161 975 80313
14300 551 18176 960 80313
14400 551 18182 954 80313
14500 551 18195 941 80313
14600 551 18211 925 80313
14700 551 18222 914 80313
14800 550 18233 903 80314
14900 550 18252 884 80314
15000 550 18270 866 80314
15100 550 18286 850 80314
15200 550 18294 842 80314
15300 550 18306 830 80314
15400 550 18313 823 80314
15500 550 18322 814 80314
15600 550 18328 808 80314
15700 550 18335 801 80314
15800 550 18342 794 80314
15900 550 18350 786 80314
16000 550 18358 778 80314
16100 550 18365 771 80314
16200 550 18369 767 80314
16300 550 18377 759 80314
16400 550 18381 755 80314
16500 550 18385 751 80314
16600 550 18388 748 80314
16700 550 18397 739 80314
16800 550 18413 723 80314
16900 550 18422 714 80314
17000 550 18433 703 80314
17100 550 18437 699 80314
17200 550 18442 694 80314
17300 549 18444 692 80315
17400 549 18449 687 80315
17500 549 18457 679 80315
17600 549 18459 677 80315
17700 549 18460 676 80315
17800 549 18467 669 80315
17900 548 18477 659 80316
18000 548 18480 656 80316
18100 548 18484 652 80316
18200 548 18489 647 80316
18300 548 18494 642 80316
18400 548 18497 639 80316
18500 548 18503 633 80316
18600 548 18512 624 80316
18700 548 18518 618 80316
18800 548 18523 613 80316
18900 548 18524 612 80316
19000 548 18529 607 80316
19100 548 18537 599 80316
19200 547 18543 593 80317
19300 547 18549 587 80317
19400 547 18554 582 80317
19500 547 18558 578 80317
19600 546 18560 576 80318
19700 546 18562 574 80318
19800 546 18564 572 80318
19900 546 18567 569 80318
20000 546 18569 567 80318
20100 546 18571 565 80318
20200 546 18578 558 80318
20300 546 18584 552 80318
20400 546 18587 549 80318
20500 545 18589 547 80319
20600 545 18591 545 80319
20700 545 18594 542 80319
20800 545 18595 541 80319
20900 545 18597 539 80319
21000 545 18600 536 80319
21100 545 18607 529 80319
21200 545 18612 524 80319
21300 545 18614 522 80319
21400 545 18617 519 80319
21500 545 18619 517 80319
21600 545 18620 516 80319
21700 545 18622 514 80319
21800 545 18623 513 80319
21900 545 18626 510 80319
22000 545 18631 505 80319
22100 545 18634 502 80319
22200 545 18634 502 80319
22300 545 18640 496 80319
22400 545 18640 496 80319
22500 545 18640 496 80319
22600 545 18644 492 80319
22700 545 18647 489 80319
22800 545 18650 486 80319
22900 545 18656 480 80319
23000 545 18660 476 80319
23100 545 18660 476 80319
23200 545 18661 475 80319
23300 545 18664 472 80319
23400 545 18666 470 80319
23500 545 18669 467 80319
23600 545 18673 463 80319
23700 544 18674 462 80320
23800 544 18676 460 80320
23900 544 18678 458 80320
24000 544 18682 454 80320
24100 544 18685 451 80320
24200 544 18690 446 80320
24300 544 18691 445 80320
24400 544 18693 443 80320
24500 544 18695 441 80320
24600 544 18696 440 80320
24700 544 18699 437 80320
24800 544 18700 436 80320
24900 544 18701 435 80320
25000 544 18703 433 80320
25100 544 18711 425 80320
25200 544 18716 420 80320
25300 544 18719 417 80320
25400 544 18724 412 80320
25500 544 18732 404 80320
25600 544 18741 395 80320
25700 544 18744 392 80320
25800 544 18752 384 80320
25900 544 18755 381 80320
26000 544 18758 378 80320
26100 544 18759 377 80320
26200 544 18762 374 80320
26300 543 18765 371 80321
26400 543 18767 369 80321
26500 543 18769 367 80321
26600 543 18772 364 80321
26700 543 18775 361 80321
26800 543 18779 357 80321
26900 543 18781 355 80321
27000 543 18782 354 80321
27100 543 18786 350 80321
27200 543 18790 346 80321
27300 543 18793 343 80321
27400 543 18794 342 80321
27500 543 18797 339 80321
27600 543 18800 336 80321
27700 543 18801 335 80321
27800 542 18805 331 80322
27900 542 18807 329 80322
28000 541 18809 327 80323
28100 540 18811 325 80324
28200 540 18811 325 80324
28300 540 18813 323 80324
28400 540 18815 321 80324
28500 540 18817 319 80324
28600 540 18819 317 80324
28700 540 18819 317 80324
28800 540 18821 315 80324
28900 540 18826 310 80324
29000 540 18831 305 80324
29100 539 18842 294 80325
29200 539 18843 293 80325
29300 539 18846 290 80325
29400 539 18846 290 80325
29500 539 18847 289 80325
29600 539 18848 288 80325
29700 539 18849 287 80325
29800 539 18852 284 80325
29900 539 18854 282 80325
30000 539 18855 281 80325
30100 539 18857 279 80325
30200 539 18860 276 80325
30300 539 18861 275 80325
30400 539 18863 273 80325
30500 539 18870 266 80325
30600 539 18872 264 80325
30700 539 18875 261 80325
30800 539 18878 258 80325
30900 539 18879 257 80325
31000 539 18880 256 80325
31100 539 18880 256 80325
31200 539 18883 253 80325
31300 539 18884 252 80325
31400 538 18885 251 80326
31500 538 18885 251 80326
31600 538 18887 249 80326
31700 538 18890 246 80326
31800 538 18897 239 80326
31900 538 18898 238 80326
32000 538 18898 238 80326
32100 538 18898 238 80326
32200 538 18898 238 80326
32300 538 18898 238 80326
32400 538 18898 238 80326
32500 538 18899 237 80326
32600 538 18900 236 80326
32700 538 18902 234 80326
32800 538 18902 234 80326
32900 538 18903 233 80326
33000 538 18906 230 80326
33100 538 18909 227 80326
33200 538 18909 227 80326
33300 538 18912 224 80326
33400 538 18913 223 80326
33500 538 18913 223 80326
33600 538 18913 223 80326
33700 538 18913 223 80326
33800 538 18917 219 80326
33900 538 18920 216 80326
34000 538 18925 211 80326
34100 538 18928 208 80326
34200 538 18928 208 80326
34300 538 18928 208 80326
34400 538 18929 207 80326
34500 538 18931 205 80326
34600 538 18933 203 80326
34700 538 18933 203 80326
34800 538 18933 203 80326
34900 538 18933 203 80326
35000 538 18933 203 80326
35100 538 18933 203 80326
35200 538 18935 201 80326
35300 538 18936 200 80326
35400 538 18937 199 80326
35500 538 18938 198 80326
35600 538 18940 196 80326
35700 538 18940 196 80326
35800 538 18941 195 80326
35900 538 18941 195 80326
36000 538 18941 195 80326
36100 538 18942 194 80326
36200 538 18946 190 80326
36300 538 18947 189 80326
36400 538 18947 189 80326
36500 538 18947 189 80326
36600 538 18948 188 80326
36700 538 18949 187 80326
36800 538 18949 187 80326
36900 538 18949 187 80326
37000 538 18949 187 80326
37100 538 18949 187 80326
37200 538 18949 187 80326
37300 538 18950 186 80326
37400 538 18950 186 80326
37500 538 18950 186 80326
37600 538 18950 186 80326
37700 538 18951 185 80326
37800 538 18951 185 80326
37900 538 18952 184 80326
38000 538 18952 184 80326
38100 538 18953 183 80326
38200 538 18953 183 80326
38300 538 18955 181 80326
38400 538 18957 179 80326
38500 538 18957 179 80326
38600 538 18957 179 80326
38700 538 18957 179 80326
38800 538 18957 179 80326
38900 538 18958 178 80326
39000 537 18958 178 80327
39100 537 18958 178 80327
39200 537 18958 178 80327
39300 536 18958 178 80328
39400 536 18958 178 80328
39500 536 18958 178 80328
39600 535 18959 177 80329
39700 535 18960 176 80329
39800 535 18960 176 80329
39900 535 18961 175 80329
40000 535 18961 175 80329
40100 535 18962 174 80329
40200 535 18962 174 80329
40300 535 18962 174 80329
40400 535 18962 174 80329
40500 535 18962 174 80329
40600 535 18962 174 80329
40700 535 18962 174 80329
40800 535 18962 174 80329
40900 535 18962 174 80329
41000 535 18962 174 80329
41100 535 18963 173 80329
41200 535 18963 173 80329
41300 535 18964 172 80329
41400 535 18964 172 80329
41500 535 18965 171 80329
41600 535 18965 171 80329
41700 535 18965 171 80329
41800 535 18967 169 80329
41900 535 18967 169 80329
42000 535 18967 169 80329
42100 535 18970 166 80329
42200 535 18971 165 80329
42300 535 18973 163 80329
42400 535 18975 161 80329
42500 535 18975 161 80329
42600 535 18975 161 80329
42700 535 18975 161 80329
42800 535 18975 161 80329
42900 535 18976 160 80329
43000 535 18976 160 80329
43100 535 18976 160 80329
43200 535 18976 160 80329
43300 535 18976 160 80329
43400 534 18976 160 80330
43500 534 18977 159 80330
43600 534 18977 159 80330
43700 534 18978 158 80330
43800 534 18978 158 80330
43900 534 18978 158 80330
44000 534 18978 158 80330
44100 534 18978 158 80330
44200 534 18978 158 80330
44300 534 18978 158 80330
44400 534 18978 158 80330
44500 534 18978 158 80330
44600 534 18978 158 80330
44700 534 18978 158 80330
44800 534 18978 158 80330
44900 534 18979 157 80330
45000 533 18981 155 80331
45100 533 18982 154 80331
45200 533 18982 154 80331
45300 533 18983 153 80331
45400 533 18984 152 80331
45500 533 18984 152 80331
45600 533 18984 152 80331
45700 533 18986 150 80331
45800 533 18987 149 80331
45900 533 18987 149 80331
46000 533 18988 148 80331
46100 533 18988 148 80331
46200 533 18989 147 80331
46300 533 18990 146 80331
46400 533 18990 146 80331
46500 533 18990 146 80331
46600 532 18990 146 80332
46700 532 18990 146 80332
46800 532 18990 146 80332
46900 532 18990 146 80332
47000 532 18990 146 80332
47100 532 18990 146 80332
47200 532 18992 144 80332
47300 532 18992 144 80332
47400 532 18992 144 80332
47500 532 18995 141 80332
47600 532 18998 138 80332
47700 532 18999 137 80332
47800 532 19000 136 80332
47900 532 19000 136 80332
48000 532 19000 136 80332
48100 532 19001 135 80332
48200 532 19001 135 80332
48300 532 19001 135 80332
48400 532 19005 131 80332
48500 532 19006 130 80332
48600 532 19006 130 80332
48700 532 19007 129 80332
48800 532 19007 129 80332
48900 532 19008 128 80332
49000 532 19009 127 80332
49100 532 19009 127 80332
49200 532 19009 127 80332
49300 532 19013 123 80332
49400 532 19015 121 80332
49500 532 19016 120 80332
49600 532 19016 120 80332
49700 532 19016 120 80332
49800 532 19016 120 80332
49900 532 19016 120 80332
50000 532 19017 119 80332
50100 532 19019 117 80332
50200 532 19020 116 80332
50300 532 19020 116 80332
50400 532 19020 116 80332
50500 532 19021 115 80332
50600 532 19021 115 80332
50700 532 19021 115 80332
50800 532 19021 115 80332
50900 532 19021 115 80332
51000 532 19021 115 80332
51100 532 19021 115 80332
51200 532 19021 115 80332
51300 532 19021 115 80332
51400 532 19021 115 80332
51500 532 19021 115 80332
51600 532 19021 115 80332
51700 532 19021 115 80332
51800 532 19021 115 80332
51900 532 19021 115 80332
52000 532 19022 114 80332
52100 532 19022 114 80332
52200 532 19022 114 80332
52300 531 19022 114 80333
52400 531 19022 114 80333
52500 531 19022 114 80333
52600 531 19022 114 80333
52700 531 19022 114 80333
52800 531 19022 114 80333
52900 531 19022 114 80333
53000 531 19022 114 80333
53100 531 19022 114 80333
53200 531 19022 114 80333
53300 531 19022 114 80333
53400 531 19022 114 80333
53500 531 19022 114 80333
53600 531 19022 114 80333
53700 531 19022 114 80333
53800 531 19022 114 80333
53900 531 19022 114 80333
54000 531 19022 114 80333
54100 531 19022 114 80333
54200 531 19023 113 80333
54300 531 19023 113 80333
54400 531 19023 113 80333
54500 531 19023 113 80333
54600 531 19023 113 80333
54700 531 19023 113 80333
54800 531 19024 112 80333
54900 531 19024 112 80333
55000 531 19029 107 80333
55100 531 19029 107 80333
55200 531 19033 103 80333
55300 531 19033 103 80333
55400 531 19033 103 80333
55500 530 19034 102 80334
55600 529 19035 101 80335
55700 529 19035 101 80335
55800 528 19036 100 80336
55900 528 19037 99 80336
56000 528 19037 99 80336
56100 528 19037 99 80336
56200 528 19039 97 80336
56300 528 19039 97 80336
56400 528 19039 97 80336
56500 528 19039 97 80336
56600 527 19039 97 80337
56700 527 19039 97 80337
56800 527 19039 97 80337
56900 527 19039 97 80337
57000 527 19039 97 80337
57100 525 19039 97 80339
57200 521 19039 97 80343
57300 521 19039 97 80343
57400 521 19039 97 80343
57500 521 19039 97 80343
57600 521 19040 96 80343
57700 521 19040 96 80343
57800 521 19040 96 80343
57900 520 19040 96 80344
58000 515 19040 96 80349
58100 514 19040 96 80350
58200 513 19040 96 80351
58300 513 19040 96 80351
58400 513 19040 96 80351
58500 506 19040 96 80358
58600 504 19040 96 80360
58700 494 19041 95 80370
58800 494 19042 94 80370
58900 494 19043 93 80370
59000 494 19043 93 80370
59100 494 19043 93 80370
59200 494 19044 92 80370
59300 494 19045 91 80370
59400 490 19045 91 80374
59500 488 19045 91 80376
59600 488 19045 91 80376
59700 488 19045 91 80376
59800 488 19047 89 80376
59900 484 19047 89 80380
60000 479 19047 89 80385
60100 474 19047 89 80390
60200 470 19048 88 80394
60300 470 19048 88 80394
60400 470 19048 88 80394
60500 470 19048 88 80394
60600 470 19048 88 80394
60700 470 19048 88 80394
60800 469 19048 88 80395
60900 469 19049 87 80395
61000 469 19050 86 80395
61100 468 19050 86 80396
61200 468 19050 86 80396
61300 466 19050 86 80398
61400 462 19050 86 80402
61500 462 19050 86 80402
61600 455 19050 86 80409
61700 454 19051 85 80410
61800 454 19051 85 80410
61900 454 19052 84 80410
62000 454 19052 84 80410
62100 454 19052 84 80410
62200 375 19052 84 80489
62300 355 19052 84 80509
62400 353 19052 84 80511
62500 353 19052 84 80511
62600 353 19053 83 80511
62700 353 19053 83 80511
62800 351 19057 79 80513
62900 348 19057 79 80516
63000 344 19057 79 80520
63100 341 19058 78 80523
63200 341 19058 78 80523
63300 341 19058 78 80523
63400 341 19058 78 80523
63500 341 19058 78 80523
63600 341 19058 78 80523
63700 337 19058 78 80527
63800 335 19058 78 80529
63900 335 19058 78 80529
64000 335 19059 77 80529
64100 335 19068 68 80529
64200 335 19070 66 80529
64300 333 19071 65 80531
64400 331 19071 65 80533
64500 325 19071 65 80539
64600 316 19073 63 80548
64700 316 19073 63 80548
64800 316 19076 60 80548
64900 316 19077 59 80548
65000 316 19077 59 80548
65100 316 19078 58 80548
65200 316 19078 58 80548
65300 316 19078 58 80548
65400 316 19078 58 80548
65500 316 19078 58 80548
65600 316 19079 57 80548
65700 315 19080 56 80549
65800 315 19080 56 80549
65900 315 19080 56 80549
66000 314 19080 56 80550
66100 314 19080 56 80550
66200 314 19080 56 80550
66300 314 19080 56 80550
66400 314 19080 56 80550
66500 314 19080 56 80550
66600 314 19080 56 80550
66700 314 19080 56 80550
66800 314 19080 56 80550
66900 314 19080 56 80550
67000 314 19080 56 80550
67100 313 19080 56 80551
67200 313 19080 56 80551
67300 313 19080 56 80551
67400 313 19080 56 80551
67500 313 19080 56 80551
67600 313 19080 56 80551
67700 313 19080 56 80551
67800 313 19080 56 80551
67900 313 19080 56 80551
68000 313 19080 56 80551
68100 313 19080 56 80551
68200 313 19081 55 80551
68300 313 19081 55 80551
68400 313 19081 55 80551
68500 313 19081 55 80551
68600 313 19081 55 80551
68700 313 19081 55 80551
68800 313 19081 55 80551
68900 313 19081 55 80551
69000 313 19081 55 80551
69100 313 19081 55 80551
69200 313 19081 55 80551
69300 313 19081 55 80551
69400 313 19081 55 80551
69500 313 19081 55 80551
69600 313 19081 55 80551
69700 313 19081 55 80551
69800 313 19081 55 80551
69900 313 19081 55 80551
70000 313 19081 55 80551
70100 313 19081 55 80551
70200 313 19081 55 80551
70300 313 19081 55 80551
70400 313 19081 55 80551
70500 313 19081 55 80551
70600 313 19081 55 80551
70700 313 19081 55 80551
70800 313 19081 55 80551
70900 313 19081 55 80551
71000 312 19081 55 80552
71100 312 19081 55 80552
71200 312 19081 55 80552
71300 312 19082 54 80552
71400 312 19084 52 80552
71500 312 19084 52 80552
71600 312 19084 52 80552
71700 312 19084 52 80552
71800 312 19084 52 80552
71900 312 19084 52 80552
72000 312 19084 52 80552
72100 312 19084 52 80552
72200 312 19084 52 80552
72300 312 19084 52 80552
72400 311 19084 52 80553
72500 310 19084 52 80554
72600 310 19084 52 80554
72700 310 19084 52 80554
72800 310 19084 52 80554
72900 310 19084 52 80554
73000 310 19085 51 80554
73100 310 19085 51 80554
73200 310 19086 50 80554
73300 310 19087 49 80554
73400 310 19087 49 80554
73500 310 19087 49 80554
73600 310 19087 49 80554
73700 309 19087 49 80555
73800 307 19087 49 80557
73900 306 19087 49 80558
74000 306 19087 49 80558
74100 306 19087 49 80558
74200 306 19087 49 80558
74300 306 19087 49 80558
74400 306 19087 49 80558
74500 306 19087 49 80558
74600 306 19087 49 80558
74700 306 19087 49 80558
74800 305 19087 49 80559
74900 305 19087 49 80559
75000 305 19087 49 80559
75100 305 19087 49 80559
75200 304 19087 49 80560
75300 302 19087 49 80562
75400 302 19087 49 80562
75500 302 19087 49 80562
75600 302 19087 49 80562
75700 302 19087 49 80562
75800 302 19087 49 80562
75900 302 19087 49 80562
76000 302 19087 49 80562
76100 302 19087 49 80562
76200 301 19087 49 80563
76300 301 19087 49 80563
76400 301 19087 49 80563
76500 301 19088 48 80563
76600 301 19088 48 80563
76700 299 19088 48 80565
76800 299 19088 48 80565
76900 299 19088 48 80565
77000 299 19088 48 80565
77100 299 19088 48 80565
77200 299 19088 48 80565
77300 299 19088 48 80565
77400 298 19088 48 80566
77500 297 19088 48 80567
77600 297 19088 48 80567
77700 296 19088 48 80568
77800 296 19088 48 80568
77900 296 19088 48 80568
78000 296 19088 48 80568
78100 295 19088 48 80569
78200 293 19088 48 80571
78300 293 19088 48 80571
78400 293 19088 48 80571
78500 293 19088 48 80571
78600 293 19088 48 80571
78700 293 19088 48 80571
78800 293 19088 48 80571
78900 292 19088 48 80572
79000 292 19088 48 80572
79100 290 19088 48 80574
79200 290 19088 48 80574
79300 290 19088 48 80574
79400 290 19088 48 80574
79500 290 19088 48 80574
79600 289 19088 48 80575
79700 289 19088 48 80575
79800 289 19088 48 80575
79900 289 19088 48 80575
80000 289 19088 48 80575
80100 289 19089 47 80575
80200 289 19090 46 80575
80300 289 19090 46 80575
80400 288 19090 46 80576
80500 287 19090 46 80577
80600 284 19090 46 80580
80700 284 19090 46 80580
80800 284 19090 46 80580
80900 284 19090 46 80580
81000 284 19090 46 80580
81100 284 19090 46 80580
81200 284 19090 46 80580
81300 284 19090 46 80580
81400 284 19090 46 80580
81500 284 19090 46 80580
81600 284 19090 46 80580
81700 284 19090 46 80580
81800 284 19090 46 80580
81900 284 19090 46 80580
82000 284 19090 46 80580
82100 284 19090 46 80580
82200 284 19090 46 80580
82300 284 19090 46 80580
82400 284 19090 46 80580
82500 284 19090 46 80580
82600 284 19090 46 80580
82700 284 19090 46 80580
82800 284 19090 46 80580
82900 284 19090 46 80580
83000 284 19090 46 80580
83100 284 19090 46 80580
83200 283 19090 46 80581
83300 283 19090 46 80581
83400 283 19090 46 80581
83500 283 19090 46 80581
83600 283 19090 46 80581
83700 283 19090 46 80581
83800 283 19090 46 80581
83900 283 19090 46 80581
84000 283 19090 46 80581
84100 283 19090 46 80581
84200 283 19090 46 80581
84300 283 19090 46 80581
84400 283 19090 46 80581
84500 283 19090 46 80581
84600 283 19090 46 80581
84700 283 19090 46 80581
84800 283 19090 46 80581
84900 283 19090 46 80581
85000 283 19090 46 80581
85100 283 19090 46 80581
85200 283 19090 46 80581
85300 283 19090 46 80581
85400 283 19090 46 80581
85500 283 19090 46 80581
85600 283 19090 46 80581
85700 283 19091 45 80581
85800 283 19091 45 80581
85900 283 19091 45 80581
86000 283 19091 45 80581
86100 283 19091 45 80581
86200 283 19091 45 80581
86300 283 19091 45 80581
86400 283 19091 45 80581
86500 283 19091 45 80581
86600 283 19091 45 80581
86700 283 19091 45 80581
86800 283 19091 45 80581
86900 283 19091 45 80581
87000 283 19091 45 80581
87100 283 19091 45 80581
87200 283 19091 45 80581
87300 283 19091 45 80581
87400 283 19091 45 80581
87500 282 19091 45 80582
87600 282 19091 45 80582
87700 282 19091 45 80582
87800 282 19091 45 80582
87900 282 19091 45 80582
88000 282 19091 45 80582
88100 282 19091 45 80582
88200 282 19091 45 80582
88300 282 19091 45 80582
88400 282 19091 45 80582
88500 282 19091 45 80582
88600 282 19091 45 80582
88700 282 19091 45 80582
88800 282 19091 45 80582
88900 282 19091 45 80582
89000 282 19091 45 80582
89100 281 19091 45 80583
89200 281 19091 45 80583
89300 281 19091 45 80583
89400 281 19091 45 80583
89500 281 19091 45 80583
89600 281 19091 45 80583
89700 281 19091 45 80583
89800 281 19091 45 80583
89900 281 19091 45 80583
90000 281 19091 45 80583
90100 281 19091 45 80583
90200 281 19091 45 80583
90300 281 19091 45 80583
90400 281 19091 45 80583
90500 281 19091 45 80583
90600 280 19091 45 80584
90700 280 19091 45 80584
90800 280 19091 45 80584
90900 280 19091 45 80584
91000 280 19091 45 80584
91100 280 19091 45 80584
91200 280 19091 45 80584
91300 280 19091 45 80584
91400 280 19091 45 80584
91500 280 19092 44 80584
91600 280 19092 44 80584
91700 280 19092 44 80584
91800 280 19092 44 80584
91900 280 19092 44 80584
92000 279 19093 43 80585
92100 279 19093 43 80585
92200 279 19093 43 80585
92300 279 19093 43 80585
92400 279 19093 43 80585
92500 279 19093 43 80585
92600 279 19093 43 80585
92700 279 19093 43 80585
92800 279 19093 43 80585
92900 279 19093 43 80585
93000 279 19093 43 80585
93100 279 19094 42 80585
93200 279 19094 42 80585
93300 279 19094 42 80585
93400 278 19094 42 80586
93500 278 19094 42 80586
93600 278 19094 42 80586
93700 278 19094 42 80586
93800 278 19094 42 80586
93900 278 19094 42 80586
94000 278 19094 42 80586
94100 278 19094 42 80586
94200 278 19094 42 80586
94300 278 19094 42 80586
94400 278 19094 42 80586
94500 278 19094 42 80586
94600 278 19094 42 80586
94700 278 19094 42 80586
94800 278 19094 42 80586
94900 278 19094 42 80586
95000 278 19094 42 80586
95100 278 19094 42 80586
95200 278 19094 42 80586
95300 278 19094 42 80586
95400 278 19094 42 80586
95500 278 19094 42 80586
95600 278 19094 42 80586
95700 278 19094 42 80586
95800 278 19094 42 80586
95900 278 19094 42 80586
96000 278 19095 41 80586
96100 278 19095 41 80586
96200 278 19095 41 80586
96300 278 19095 41 80586
96400 278 19095 41 80586
96500 278 19095 41 80586
96600 278 19095 41 80586
96700 278 19095 41 80586
96800 278 19095 41 80586
96900 278 19095 41 80586
97000 278 19095 41 80586
97100 278 19095 41 80586
97200 278 19095 41 80586
97300 278 19095 41 80586
97400 278 19095 41 80586
97500 278 19095 41 80586
97600 278 19095 41 80586
97700 278 19095 41 80586
97800 278 19095 41 80586
97900 278 19095 41 80586
98000 278 19095 41 80586
98100 278 19095 41 80586
98200 278 19095 41 80586
98300 278 19096 40 80586
98400 278 19096 40 80586
98500 278 19096 40 80586
98600 277 19096 40 80587
98700 277 19096 40 80587
98800 277 19096 40 80587
98900 277 19096 40 80587
99000 277 19096 40 80587
99100 277 19097 39 80587
99200 277 19098 38 80587
99300 277 19098 38 80587
99400 277 19098 38 80587
99500 277 19098 38 80587
99600 277 19098 38 80587
99700 277 19098 38 80587
99800 277 19098 38 80587
99900 277 19098 38 80587
