100 1000 1000
64 40
13 24
19 16
31 94
35 64
74 14
29 18
66 28
53 71
19 88
18 74
62 84
95 23
96 71
80 37
50 1
56 75
65 56
92 6
72 43
40 96
52 61
64 27
96 65
18 25
45 79
26 46
43 33
6 10
69 27
100 65
65 51
44 69
11 13
18 95
96 34
32 40
50 60
55 97
50 98
68 4
45 47
97 57
35 80
53 1
53 1
68 66
48 69
6 68
75 99
95 71
2 11
63 84
3 37
55 16
17 26
95 34
86 76
65 28
77 45
86 77
41 27
61 77
77 82
81 38
4 13
30 50
34 2
89 33
68 29
98 4
96 38
55 14
97 22
84 38
46 99
59 61
20 71
1 65
1 72
8 50
3 64
50 44
5 18
58 30
92 71
34 10
57 7
5 88
93 77
85 95
61 32
91 89
35 6
1 58
79 5
61 89
67 65
29 58
71 97
