n = 2^4; p = 1
0.002068517000225256
0.0018560720000095898
0.0018889299999500508
0.0018728169998212252
0.0012948849998792866
0.0013729860002058558
0.001341225000032864
0.0013505280003300868
0.0012395799994919798
0.001037958999404509
0.0007483499994123122
0.000754149999920628
0.0007406220001939801
0.0007562820001112414
0.0007462499997927807
0.0007468009998774505
0.0007509990000471589
0.000744083999961731
0.0007349630004682695
0.0007358180000665016
n = 2^8; p = 1
0.0009012620002977201
0.0009464500008107279
0.0009299619996454567
0.0009372850008730893
0.0009830210001382511
0.0008681919998707599
0.0009177470001304755
0.0009416519997103023
0.0009832649993768428
0.0008682110001245746
0.0008940349998738384
0.0008647759996165405
0.000940502000048582
0.0009383030001117731
0.0009143879997282056
0.0009032190000652918
0.0009785510001165676
0.000872040999638557
0.0009170339999400312
0.0009086769996429211
n = 2^12; p = 1
0.005148575000021083
0.0050845470004787785
0.005102461000205949
0.005094962999464769
0.005104304000269622
0.0051066259993604035
0.005052634000094258
0.005006260000300244
0.00496674899932259
0.004924268000650045
0.0050417570000718115
0.00492528900031175
0.004936713999995845
0.00496525800008385
0.00492214000041713
0.00489629599996988
0.004947249999531778
0.004914424999697076
0.0049039089999496355
0.0049475850000817445
n = 2^16; p = 1
0.09245667400045932
0.09217259700017166
0.09249140000065381
0.09223512000062328
0.09228276900012133
0.09214894700016885
0.09245035299954907
0.09232006700040074
0.0934058160000859
0.09238760099924548
0.09256017200004862
0.09232023399999889
0.09247995100031403
0.09231261000059021
0.09226867299912556
0.09360344099968643
0.09226690800005599
0.09223593200022151
0.0921818839997286
0.09315123299984407
n = 2^20; p = 1
1.923092369999722
1.9383503709996148
1.9258340079995833
1.9459272759995656
1.9210688849998405
2.242642186000012
2.0047245300002032
1.9282129010007338
2.0079451839992544
1.922790595999686
1.9251794940000764
1.9219737339999483
1.9433883620004053
1.9506564820003405
1.9219104120002157
1.9286839790001977
1.9336142199999813
1.9223525220004376
1.9226523249999445
1.923542962999818
n = 2^24; p = 1
38.833690118999584
40.58392160600033
38.96540914100024
39.21147350499996
38.81238584699986
38.81374845099981
38.80383087500013
39.042753626000376
38.73397912500059
39.15379094800028
38.821350261999214
39.156359059999886
38.858182891999604
40.401295300999664
38.8164853090002
39.065460986999824
39.405204886999854
38.91568919600013
39.867875957999786
38.8782910380005
n = 2^4; p = 2
0.0010360779997427016
0.000812272000075609
0.000807972999609774
0.0009064910000233795
0.0009170250004899572
0.0007947000003696303
0.0007040609998512082
0.0007562030004919507
0.0007524200000261771
0.0007501050004066201
0.0007899760003056144
0.0006928399998287205
0.0007106450002538622
0.0007294590004676138
0.0007933529996080324
0.0007334379997701035
0.0007999389999895357
0.0007588549997308291
0.0008469060003335471
0.0009325350001745392
n = 2^8; p = 2
0.0009454959999857238
0.0008843220002745511
0.0009985629994844203
0.0010743840002760408
0.0009046440000020084
0.0009214689998771064
0.0010691099996620324
0.0009846439998000278
0.0009992830000555841
0.0009599080003681593
0.0009855050002443022
0.0010389690005467855
0.0009619860002203495
0.0008950990004450432
0.0009634230000301613
0.0009515840001768083
0.0008859049994498491
0.0008450650002487237
0.0009768600002644234
0.0011586189993977314
n = 2^12; p = 2
0.004361561999758123
0.004384996999760915
0.004340219999903638
0.004357672999503848
0.004287650000151189
0.004316593000112334
0.004480060999412672
0.004326601999309787
0.004285871000320185
0.004364256999906502
0.004345610000200395
0.00432772699969064
0.004336139000770345
0.0043558490006034845
0.004196714000499924
0.004319012000451039
0.004226443999868934
0.004340079000030528
0.004209394999634242
0.004295755999919493
n = 2^16; p = 2
0.06961080800010677
0.07021300599990354
0.07009226500031218
0.07019188899994333
0.06955835200005822
0.06993620899993402
0.07024308099971677
0.07018136200076697
0.07013967799957754
0.06983917699926678
0.0699077559993384
0.06997285499983263
0.07040120600049704
0.0714676169991435
0.06999118800013093
0.07001193999985844
0.07009906600069371
0.07017908499983605
0.07019693200072652
0.07041095600015979
n = 2^20; p = 2
1.6392310299997916
1.4271663959998477
1.4021280580000166
1.3951888000001418
1.4010916239994913
1.3990975670003536
1.4169397640007446
1.400708078000207
1.3922275620006985
1.3923381059994426
1.4085523160001685
1.3900658550001026
1.4016608359997917
1.394104433999928
1.3921271179997348
1.4010917929999778
1.4126384809997035
1.4184595569995508
1.3908038009994925
1.403916565000145
n = 2^24; p = 2
28.545391810999718
27.972713963000388
27.885425367000607
27.5724938150006
27.85766515999967
27.44256463400052
28.000493083999572
27.55534475500008
27.46761009399961
27.429733501000555
27.71316639699944
27.763059236999652
27.725561466000727
27.476438229999985
27.731082678999883
27.68006716200034
27.39601828099967
27.681293427000128
27.811096479999833
27.477454074999514
n = 2^4; p = 4
0.0010961799998767674
0.0008539569998902152
0.0008733610002309433
0.0008047450000958634
0.0007489139998142491
0.0007391949993689195
0.000753723000343598
0.000745628000004217
0.00075836399992113
0.0007164250000641914
0.0007017959997028811
0.0007533649995821179
0.0007438980001097661
0.0007142409995140042
0.0006951980003577773
0.0007092969999575871
0.0006822249997640029
0.000743351999517472
0.0006924969993633567
0.0007019869999567163
n = 2^8; p = 4
0.0008366900001419708
0.0007562700002381462
0.0008942650001699803
0.000844985000185261
0.0008560289998058579
0.0008332260003953706
0.0008857200000420562
0.0008553999996365746
0.0008279900002889917
0.0008704940000825445
0.0008085190002020681
0.000885405000190076
0.0008705999998710467
0.0008786100006545894
0.0008946219995777938
0.0008900030006770976
0.0008929639998314087
0.0009240279996447498
0.0008558710005672765
0.000824529000055918
n = 2^12; p = 4
0.003065228999730607
0.0037023370005044853
0.003816295000433456
0.0031223670002873405
0.003066639000280702
0.003847461000077601
0.0038494390000778367
0.0038644300002488308
0.003177800999765168
0.003839525000330468
0.0032567739999649348
0.003643836000264855
0.0038921509994906955
0.0031366670000352315
0.003929337000045052
0.00323166499947547
0.0038680039997416316
0.0032874039998205262
0.0031698200000391807
0.003166620000229159
n = 2^16; p = 4
0.046546227000362705
0.05894699700002093
0.05838626900003874
0.057446043000709324
0.05910481899991282
0.05467298599978676
0.05911363900031574
0.059040160000222386
0.057025004999559314
0.056608933999996225
0.059211526000581216
0.05390751600043586
0.058833541000240075
0.046089860000392946
0.05710383499990712
0.05897170299977006
0.058896970999740006
0.05886612599988439
0.057626532000540465
0.05904223000015918
n = 2^20; p = 4
0.9860933709996971
0.8900091260002228
0.8900644900004409
0.9854774360001102
0.9552490500000204
0.9259091769999941
0.8891516929998033
0.8899660179995408
0.890072254000188
0.8913333529999363
0.8941469270002926
0.8890863369997533
0.8896984639995935
0.8919110229999205
0.8903563720004968
0.8997107989998767
0.889181013999405
0.9210509169997749
0.9251151980006398
0.8917996090003726
n = 2^24; p = 4
17.074772369999664
17.051120652000463
17.180331274999844
16.96862942700045
17.012121400999604
16.999524933999965
17.454730982999536
16.996083629999703
17.607668137000474
16.99380307299998
17.070895187999668
17.065005960000235
16.96576602499954
16.990232336999725
17.079880940000294
17.135283655999956
17.020118694000303
17.175629737000236
17.032817770999827
17.323570033999204
n = 2^4; p = 8
0.001309344999754103
0.0008697040002516587
0.0008326300003318465
0.0007887910005592857
0.0007837200000722078
0.0007764590000078897
0.000814835999335628
0.0014374060001500766
0.0007895479993749177
0.0007897739997133613
0.0007995079995453125
0.0007593479995193775
0.0007678040001337649
0.0007550550008090795
0.0007862990005378379
0.0008033639996938291
0.0007946380001158104
0.0007757900002616225
0.0008145559995682561
0.000799172000370163
n = 2^8; p = 8
0.0009408319992871839
0.0009031469999172259
0.0009116229994106106
0.0009169089998977142
0.0009203260005961056
0.0009280119993491098
0.000871772000209603
0.000900312000339909
0.0009143770002992824
0.0009103719994527637
0.000898663000043598
0.0008891309998944052
0.0008956940000643954
0.0010202869998465758
0.0009036700002980069
0.0008901259998310707
0.0008740570001464221
0.0009220160000040778
0.0009020510005939286
0.0009027890000652405
n = 2^12; p = 8
0.0035357220003788825
0.003585034000025189
0.0035556729999370873
0.0033731630001057056
0.0035052640005233116
0.0035792680000668042
0.0031915150002532755
0.0036571520004144986
0.0029926099996373523
0.0038167960001374013
0.0035289209999973536
0.0037947049995636917
0.003832779999356717
0.003587330000300426
0.003529186999912781
0.003551840999534761
0.0037884339999436634
0.0032242780007436522
0.0038032070006011054
0.00348893099999259
n = 2^16; p = 8
0.04347606899955281
0.043485709999913524
0.04076652599997033
0.04216521000034845
0.042880383000010625
0.04163622899977781
0.04071940799985896
0.04251611500058061
0.045665511999686714
0.0495442550000007
0.04171463800048514
0.0407944939997833
0.04342264200022328
0.04219000499961112
0.04128483699969365
0.041077613000197744
0.042051931000059994
0.040861219000362325
0.040718559000197274
0.04226697800004331
n = 2^20; p = 8
0.7640708359995187
0.771592509000584
0.7687171779998607
0.7657935919996817
0.7642008620005072
0.7670699469999818
0.7721221000001606
0.7672066939994693
0.7737448309999309
0.7708199569997305
0.7633179849999578
0.7734635260003415
0.7645094330000575
0.7659932790002131
0.7646243750004942
0.7643959150000228
0.7796294289992147
0.7647576839999601
0.7682668500001455
0.7670945330000905
n = 2^24; p = 8
14.596287465999922
14.645884102999844
14.54861326199989
14.629577141000482
14.56791821600018
14.559697327999856
14.64164522200008
14.653238634000445
14.543913751000218
14.689444118999745
14.5473554350001
14.605460618000507
14.650660977999905
14.555616789999476
14.548714781999479
14.559218690000307
14.59524337000039
14.549914909000108
14.560955232000197
14.609118957999272
