100 500 500
49 85
53 45
1 77
27 19
48 11
25 28
53 5
30 9
4 18
84 33
86 50
18 76
3 17
53 73
14 97
73 21
15 24
12 57
87 26
85 36
96 94
63 100
62 53
80 31
43 40
96 81
30 10
73 96
26 65
25 46
81 7
57 94
57 8
67 14
59 46
79 80
87 29
14 48
55 100
57 17
99 88
64 50
44 59
12 86
59 80
13 87
41 29
12 100
9 9
26 81
33 71
25 99
68 18
71 96
56 59
27 87
24 48
91 12
20 43
43 31
19 98
95 11
45 99
45 77
5 71
55 41
41 55
88 76
21 67
56 86
8 22
36 35
69 82
9 100
70 20
83 19
22 87
7 63
96 70
4 72
18 66
88 71
7 64
74 44
64 43
51 57
9 34
40 26
27 9
46 66
89 36
63 17
20 51
75 70
19 40
21 7
87 34
81 70
70 84
70 35
