500 5000
98 327
1 500
133 115
289 477
452 397
252 340
304 390
386 377
233 201
227 174
6 19
171 197
306 329
468 470
225 23
19 24
264 328
410 315
475 298
134 24
272 381
303 301
431 459
174 28
347 354
416 373
325 386
123 147
47 223
274 356
174 127
194 31
411 462
456 487
174 83
62 100
76 174
269 296
379 343
433 468
113 142
422 335
486 347
156 52
206 225
7 139
134 214
498 335
258 463
342 497
179 109
347 383
194 220
103 126
249 81
180 189
109 174
64 171
166 178
110 19
123 49
278 396
471 441
158 145
499 495
417 425
472 283
93 198
150 113
419 324
435 447
13 76
325 398
254 305
411 406
249 72
26 145
225 238
95 137
243 56
114 92
181 206
347 280
203 135
203 147
448 396
219 171
273 497
24 91
239 186
278 299
115 81
379 427
40 231
256 433
478 483
124 201
62 223
339 496
354 337
27 114
142 81
213 209
164 249
250 106
335 333
416 308
418 369
18 59
458 265
436 291
461 432
419 394
302 410
268 261
166 95
398 261
228 30
383 297
488 254
326 439
380 400
264 420
107 221
299 340
97 5
79 152
118 232
378 466
447 453
279 279
402 260
160 24
311 482
122 30
443 376
210 56
488 424
146 51
101 247
161 128
159 131
159 40
327 350
68 221
399 265
484 475
72 64
494 311
131 161
72 173
394 434
475 342
181 20
118 88
186 88
482 321
482 494
108 89
35 71
311 495
463 490
246 66
317 496
340 465
84 2
444 484
278 317
175 174
382 311
352 371
347 333
24 180
293 349
183 188
12 123
178 66
414 343
347 369
119 1
64 204
2 152
430 426
172 70
12 2
19 115
176 42
20 57
180 153
366 272
361 437
79 188
129 117
460 391
140 4
359 272
302 300
61 69
15 249
87 114
261 474
490 404
269 384
427 344
302 335
30 45
224 96
357 407
398 273
342 461
158 73
161 62
453 433
361 359
114 161
119 42
248 16
426 474
275 372
371 463
433 472
468 382
258 334
284 297
301 410
356 380
455 378
2 155
306 429
133 50
169 232
130 51
402 410
458 444
372 346
49 54
369 360
56 111
466 417
350 401
47 171
364 300
267 303
253 362
137 86
282 486
56 206
208 11
14 78
100 177
236 224
454 439
177 205
309 309
236 47
258 328
38 134
325 341
426 456
296 305
463 392
153 198
495 374
389 432
246 167
41 26
218 63
453 489
299 267
121 62
222 126
147 29
409 375
80 115
309 462
334 252
187 72
423 274
351 424
336 295
126 118
159 14
139 25
242 104
128 14
430 347
359 284
203 58
286 261
134 96
44 221
329 379
346 369
385 360
140 237
356 268
324 479
113 181
129 216
69 202
302 495
5 175
73 122
267 256
166 247
476 352
234 28
26 242
375 371
86 189
392 342
271 448
279 372
7 138
446 303
372 380
316 364
89 139
395 365
269 302
343 443
264 464
108 94
176 202
350 397
21 19
293 436
194 126
234 123
247 141
299 483
193 246
285 456
100 233
302 434
409 454
396 348
97 41
39 127
196 225
155 125
158 68
226 204
489 303
305 354
17 13
100 10
469 458
214 246
81 44
190 50
32 207
369 284
115 124
241 178
152 46
17 247
332 466
39 31
122 214
383 403
166 184
221 154
478 268
38 110
303 364
182 232
320 415
17 203
210 176
298 308
185 76
380 398
358 375
61 14
191 66
469 497
141 66
482 333
353 394
438 294
175 80
447 312
225 21
271 332
130 124
102 92
55 84
25 65
50 168
500 355
109 131
146 77
329 302
489 424
163 155
4 6
489 412
494 437
331 338
16 87
243 195
50 192
270 271
159 111
480 375
277 378
64 117
286 462
424 395
230 160
93 4
485 304
55 175
28 185
276 267
428 293
437 458
357 345
214 19
9 100
391 442
319 426
188 82
180 211
258 265
464 303
286 410
320 475
349 483
140 225
82 145
281 435
302 364
360 497
434 356
403 320
227 207
497 378
286 477
275 366
206 49
165 79
205 232
307 444
497 377
304 279
163 107
181 104
173 241
147 15
300 471
496 487
477 293
174 99
366 448
16 1
87 163
365 343
20 15
3 13
203 63
53 160
231 238
242 161
447 379
130 246
91 185
113 49
238 170
103 24
233 78
36 130
474 462
305 453
485 251
464 380
443 323
288 435
475 423
28 25
344 359
175 145
416 470
144 126
134 111
253 324
219 119
17 156
465 381
434 408
278 353
97 130
147 45
408 438
223 173
187 175
235 143
2 11
306 327
282 260
385 287
448 485
7 233
35 140
290 465
156 3
197 237
458 489
374 294
125 76
283 312
145 9
137 117
274 401
99 42
198 197
471 495
489 452
268 326
373 302
89 84
342 330
432 318
356 342
419 440
197 137
477 459
493 448
350 465
250 87
327 425
215 119
315 402
281 257
147 27
406 473
464 301
415 294
169 143
248 244
230 70
397 386
291 450
105 82
10 80
104 87
288 301
431 317
20 235
176 84
417 313
37 209
423 351
62 206
309 465
83 171
431 310
477 490
419 362
354 287
33 55
132 92
117 116
152 30
269 440
214 22
246 202
430 281
430 301
164 154
231 38
212 170
253 388
497 289
195 57
460 373
497 368
94 150
32 79
81 243
18 75
361 287
148 141
448 387
231 82
101 143
95 242
143 187
470 320
348 252
481 269
3 231
195 128
23 177
492 407
18 110
165 204
282 346
400 418
97 117
285 449
400 451
51 247
445 372
225 113
188 232
395 397
446 280
80 180
386 378
442 412
369 414
26 66
162 112
475 336
47 125
477 372
463 317
295 498
145 133
464 427
230 45
299 320
263 481
199 58
100 104
131 80
409 293
421 439
362 435
430 500
262 480
256 278
168 142
442 443
51 42
488 274
195 35
171 205
145 67
136 109
417 467
266 486
198 177
187 79
131 67
405 363
424 385
132 30
24 133
267 370
240 36
92 154
437 351
77 38
110 20
166 174
7 98
302 479
15 104
177 120
448 359
287 302
112 91
215 19
498 378
348 293
13 49
461 452
290 318
1 245
82 44
50 183
171 146
244 110
105 209
337 408
492 421
97 131
429 273
467 273
374 354
241 5
160 27
271 271
2 125
360 313
215 54
118 150
472 329
496 295
366 270
382 260
329 420
70 42
123 146
135 107
157 71
348 438
272 262
468 359
437 327
213 208
493 286
50 207
127 80
430 316
397 472
66 70
338 341
188 59
434 347
449 411
223 153
269 453
106 181
440 463
232 109
243 26
396 363
309 300
331 335
281 283
290 256
85 24
188 231
222 22
71 3
494 348
236 243
319 403
163 234
354 366
454 406
59 240
366 279
456 352
109 172
371 416
159 151
13 71
166 86
256 439
379 494
108 53
361 270
297 327
5 186
317 306
180 66
285 328
292 346
33 203
241 81
206 41
160 151
494 299
179 155
285 323
137 36
435 328
69 212
492 304
409 259
480 418
321 263
192 191
359 337
36 75
143 10
298 328
54 69
493 330
323 309
54 231
185 172
220 169
78 28
336 415
481 409
203 207
488 260
224 104
320 279
435 332
62 118
481 337
226 17
262 454
271 286
140 90
87 77
306 300
354 471
460 405
149 216
260 298
289 375
447 387
19 157
500 398
39 86
236 141
490 494
420 306
385 454
217 213
487 353
24 151
13 22
38 21
253 412
443 397
385 488
446 259
114 143
396 359
178 95
233 118
424 483
225 20
174 124
458 316
382 303
4 248
181 111
62 108
155 36
452 370
150 146
119 120
461 293
463 352
214 234
53 89
299 270
38 81
386 485
78 38
239 40
485 408
249 220
387 285
193 100
402 402
109 200
278 488
406 475
422 302
57 142
337 478
338 477
234 215
232 9
383 269
73 46
445 451
301 474
47 30
81 218
375 306
491 289
140 20
139 84
39 68
92 243
383 437
147 90
315 488
476 318
114 45
479 387
160 26
349 266
199 156
168 248
183 130
148 26
438 340
110 65
148 179
92 9
177 20
384 368
423 418
132 86
481 268
119 17
197 56
411 268
146 165
175 108
90 35
382 270
190 192
154 176
364 406
204 126
69 175
375 437
98 82
249 108
10 197
40 180
290 370
59 125
265 488
488 441
179 88
195 37
476 286
217 147
242 39
138 180
476 340
340 354
110 91
358 373
381 301
91 97
381 425
29 141
76 235
53 122
251 449
73 39
485 500
337 459
401 340
155 180
195 162
20 42
445 368
409 420
153 171
487 345
423 329
154 17
404 270
57 174
409 368
82 239
248 183
398 341
22 244
94 82
454 356
415 259
85 15
344 423
134 81
438 413
283 262
495 410
228 33
382 376
232 79
262 493
59 78
125 23
114 9
322 446
268 330
147 74
468 301
384 284
131 117
85 129
446 437
173 62
73 27
53 99
297 468
52 114
319 433
219 168
393 298
246 235
92 180
219 205
369 379
174 181
129 79
412 482
371 402
380 371
422 263
183 8
220 202
148 170
136 140
3 166
70 44
3 57
253 427
333 306
433 330
331 262
64 84
477 333
446 468
43 73
320 494
27 98
466 350
408 433
368 467
192 149
375 463
112 189
18 237
165 29
126 201
347 294
38 201
136 170
415 463
455 338
431 301
238 68
13 84
64 61
109 144
399 490
242 27
268 264
10 178
400 485
105 165
100 152
479 267
90 80
300 290
88 40
419 282
53 49
459 308
327 309
282 413
389 262
165 92
24 182
92 83
257 420
310 440
241 95
37 53
261 379
321 262
45 150
375 416
368 439
212 139
318 448
205 40
242 77
234 189
136 10
303 406
84 30
308 500
213 246
52 59
60 228
109 34
401 275
448 258
124 246
310 400
248 85
100 142
493 456
166 7
330 316
191 27
193 29
22 226
141 99
371 261
108 110
375 311
243 54
209 219
233 48
86 90
121 33
33 156
452 296
218 18
235 125
337 352
331 446
132 154
439 488
164 74
165 46
194 78
301 279
6 98
323 333
499 419
87 101
127 232
487 273
496 436
95 203
328 498
364 298
297 405
349 329
276 429
405 266
230 244
311 480
379 327
372 274
410 351
26 215
125 113
219 212
497 487
295 493
194 223
325 283
79 161
13 43
192 45
487 365
111 111
16 7
185 201
98 25
91 205
161 224
254 338
50 240
59 33
181 122
116 84
37 201
201 136
40 85
60 175
443 336
210 191
269 342
498 253
373 433
112 151
211 187
168 239
474 279
257 440
143 234
456 443
357 313
349 412
373 284
473 395
304 457
187 125
58 98
160 104
289 349
355 406
464 262
16 110
468 335
454 307
443 462
118 250
31 57
473 319
205 209
171 166
182 231
255 496
489 463
359 268
374 460
95 77
292 358
86 182
85 238
35 11
492 294
460 298
140 138
154 247
76 120
311 316
194 107
337 294
150 230
421 264
460 357
126 67
390 456
467 462
312 389
219 200
452 495
496 331
221 82
285 252
360 461
329 439
346 430
454 396
58 208
31 28
273 479
371 474
364 296
86 80
72 189
17 18
129 215
447 418
430 475
200 107
270 481
483 351
229 66
307 401
238 223
379 341
61 219
171 18
279 447
446 396
288 416
312 500
309 330
203 136
75 225
237 104
18 16
365 288
129 67
71 12
119 152
397 463
25 124
320 326
265 252
285 340
246 107
426 323
373 303
267 373
10 241
418 387
177 13
367 332
193 199
244 85
499 330
20 6
78 230
304 348
291 357
32 126
235 154
413 271
166 213
23 206
118 205
23 224
500 403
30 206
35 246
178 27
59 113
453 275
383 293
158 65
472 432
365 306
115 56
94 187
273 471
309 398
470 309
34 113
221 245
18 5
474 476
135 192
120 56
258 251
452 274
142 82
313 403
494 436
51 156
151 25
167 249
262 485
425 463
170 165
487 408
201 220
76 65
415 468
498 470
336 386
500 499
458 366
470 290
335 311
325 399
396 350
221 27
334 441
204 40
450 375
47 227
127 184
311 255
310 340
472 414
144 162
286 484
344 419
369 474
113 26
344 322
214 111
200 22
394 493
339 387
305 367
19 87
375 301
105 144
413 364
256 429
353 378
142 124
196 212
13 95
415 251
486 372
281 496
452 452
195 114
89 221
93 175
220 66
339 363
95 227
225 142
324 377
8 9
345 461
222 7
315 447
337 289
440 360
314 448
251 292
135 119
269 294
376 403
80 247
87 219
1 221
117 12
401 325
150 178
125 62
93 80
437 307
290 488
205 176
126 234
243 86
500 452
14 205
430 456
137 80
314 274
34 210
156 102
377 306
66 182
390 424
36 174
443 289
277 468
186 104
258 417
11 52
70 208
366 436
87 2
495 493
386 278
81 72
229 99
83 136
469 496
27 6
396 326
218 43
243 232
302 476
284 362
41 192
336 420
451 354
272 323
9 201
297 448
247 165
280 259
166 60
442 445
199 87
277 275
454 475
118 246
27 4
43 153
385 399
269 428
236 195
428 386
232 186
226 212
94 17
316 384
211 160
159 203
53 189
10 207
429 294
305 471
80 202
340 280
225 123
335 290
43 103
106 113
71 165
138 26
132 204
320 259
495 440
457 279
130 106
246 84
81 41
220 213
149 100
34 231
462 402
360 396
312 352
293 334
147 5
142 250
341 432
4 3
229 151
230 184
37 247
101 107
457 270
342 313
183 209
66 202
237 144
346 397
19 227
190 207
46 243
201 195
103 152
209 95
250 27
46 195
341 431
67 128
148 146
249 233
12 35
336 489
77 50
232 49
95 94
11 36
70 103
479 352
262 333
206 81
141 195
21 30
6 208
483 439
89 33
342 395
276 316
336 294
246 157
491 362
422 355
489 477
45 233
399 465
404 405
355 497
341 374
31 209
424 307
48 149
457 321
411 411
145 205
187 206
20 211
384 315
393 257
68 139
37 63
162 212
500 270
443 431
362 427
115 215
332 484
454 470
26 112
119 31
375 317
334 478
44 80
74 124
15 235
12 201
66 32
228 88
307 363
245 84
71 208
311 291
12 85
335 260
88 24
17 137
13 202
94 32
394 338
305 434
98 106
458 268
148 30
166 216
308 304
285 422
315 434
274 379
172 22
284 428
378 276
30 233
75 130
454 296
195 205
459 341
461 405
17 30
456 451
233 235
45 214
462 345
397 420
315 373
97 67
33 127
141 190
433 308
498 496
469 392
67 103
148 102
460 268
169 114
82 249
335 389
243 173
283 377
23 227
349 297
138 114
373 363
130 174
259 444
408 275
434 461
399 454
172 236
59 8
192 106
465 345
45 69
226 50
425 410
89 68
1 1
153 2
478 423
32 83
311 274
137 91
30 135
285 361
65 35
140 123
387 475
447 377
161 136
369 298
35 185
146 66
428 453
260 369
353 259
263 395
275 443
391 402
428 414
48 32
44 66
231 212
303 491
155 102
49 216
167 241
412 381
112 160
300 458
35 103
56 83
494 386
385 472
394 479
161 27
174 194
130 105
461 469
115 105
186 12
320 256
92 140
466 385
294 295
87 218
472 348
487 288
161 249
395 465
332 400
352 321
109 162
338 480
396 375
481 313
9 34
493 372
397 282
371 278
347 360
187 63
134 172
470 361
190 6
56 89
140 97
422 442
242 190
14 60
398 258
135 47
442 430
161 150
384 497
471 386
92 159
333 253
60 16
315 266
58 92
109 104
270 313
391 298
497 269
52 212
400 396
437 456
33 20
489 299
342 357
125 215
307 337
282 477
252 325
312 479
30 128
500 315
87 97
440 437
44 29
239 153
139 62
203 195
65 196
445 359
388 388
227 137
20 224
435 265
398 308
319 398
56 138
482 340
383 405
211 201
267 441
201 167
448 288
144 74
129 73
391 493
10 49
338 382
212 116
134 77
414 445
331 497
385 297
116 42
9 170
61 163
260 422
346 362
124 175
407 410
493 323
19 154
63 140
247 6
4 116
333 427
405 288
377 486
82 211
51 219
49 212
242 82
284 497
371 345
250 98
401 430
315 437
253 415
230 149
215 49
374 393
289 426
343 398
356 398
132 150
289 316
335 421
14 74
5 155
214 221
237 95
193 235
497 429
293 284
38 17
314 407
27 241
185 110
12 176
387 264
257 456
403 452
447 346
138 133
182 196
292 324
321 431
276 365
136 126
318 365
94 223
456 477
246 174
421 311
362 493
460 284
493 482
296 469
275 388
368 481
417 288
268 385
215 157
293 268
419 478
221 26
351 370
49 165
21 41
311 409
425 325
164 194
177 158
1 53
21 73
324 293
185 245
276 294
290 416
190 79
192 18
448 445
359 297
288 318
296 391
33 177
37 55
456 344
267 283
483 397
271 304
421 444
246 91
465 374
428 410
435 467
61 85
413 422
369 404
343 429
11 199
226 222
359 319
485 283
38 210
42 246
94 56
428 320
216 189
105 31
86 144
223 119
451 329
372 314
415 453
368 346
140 189
144 116
421 434
454 288
165 225
325 448
307 500
256 371
88 138
232 5
122 246
169 139
137 162
442 467
231 132
61 58
463 364
443 369
339 309
186 40
379 263
462 318
96 111
17 193
264 355
61 67
209 9
227 97
235 135
247 13
4 125
354 438
13 33
241 151
201 165
219 77
100 137
201 113
361 347
412 343
475 449
219 52
484 417
109 9
176 61
97 29
186 128
34 181
432 291
362 304
8 28
29 99
340 332
433 441
426 366
186 65
21 250
95 135
31 168
165 131
392 389
202 108
150 142
209 68
476 253
475 375
352 469
409 351
358 266
360 259
390 280
119 83
328 482
329 440
196 17
228 242
214 93
483 354
373 313
41 173
450 414
229 32
115 212
495 290
442 337
493 417
169 130
415 464
113 86
77 229
151 178
254 406
291 372
59 219
369 410
48 5
217 25
331 291
400 403
404 484
4 24
167 185
119 155
260 452
419 271
458 351
312 251
1 134
21 218
319 371
125 226
52 244
205 76
218 245
4 54
183 115
14 217
425 339
317 408
295 282
398 435
185 233
228 187
75 6
90 112
308 294
377 409
330 435
102 2
494 398
66 147
30 81
161 160
16 235
217 176
471 335
89 212
26 143
51 244
483 339
48 155
149 36
232 196
103 64
230 30
320 353
203 191
494 318
470 470
48 202
126 101
99 101
255 332
320 287
73 16
399 438
412 390
238 134
456 455
269 252
23 229
430 328
475 434
317 355
472 427
156 177
295 339
476 428
224 134
192 4
464 276
188 206
262 282
20 98
124 76
222 222
210 197
183 23
360 464
150 68
440 432
61 201
388 265
391 388
218 109
88 69
135 103
65 213
100 103
59 104
177 43
326 455
424 444
340 334
184 153
499 490
362 374
498 290
449 390
280 300
179 79
111 154
244 78
492 417
230 202
326 450
92 62
393 359
29 138
167 67
50 29
388 374
168 116
384 345
150 22
109 215
442 276
417 270
280 299
193 67
184 218
431 355
106 125
300 258
344 259
41 117
49 161
217 77
345 356
360 401
294 436
358 366
443 324
496 373
96 68
116 108
303 258
266 474
499 420
131 132
34 27
52 134
424 428
23 173
480 371
94 236
176 140
418 406
338 404
113 136
289 419
400 470
80 246
232 120
108 99
153 44
306 321
467 488
203 177
460 290
201 180
365 329
15 10
342 491
193 200
415 353
223 158
421 476
24 30
382 342
228 42
492 406
327 272
10 215
413 408
165 174
63 248
31 169
338 294
322 278
95 5
297 496
179 174
55 198
488 464
24 128
69 10
191 200
343 271
86 116
120 14
412 443
327 365
456 419
95 156
156 31
465 451
294 392
19 234
168 70
276 291
378 452
404 380
317 336
380 430
157 187
312 402
430 297
145 65
84 85
287 360
355 487
467 493
193 161
337 290
136 197
318 360
201 141
224 137
333 470
261 256
82 212
104 178
107 120
196 58
167 194
223 113
282 313
388 287
262 369
220 232
294 268
294 476
55 171
106 88
455 412
265 444
215 183
51 194
270 301
496 344
150 239
128 44
61 149
391 456
481 322
134 37
175 189
335 295
327 416
382 412
203 163
500 290
172 202
350 425
315 308
462 335
404 271
110 97
366 478
216 33
258 384
241 55
224 235
413 436
275 353
423 416
361 320
344 429
447 397
460 464
56 211
279 434
343 448
82 74
64 209
470 350
352 310
118 47
166 204
222 232
12 75
339 258
269 339
114 4
232 23
28 94
471 298
228 165
354 432
41 153
14 16
185 105
281 475
474 440
228 171
135 50
391 270
59 100
273 453
42 95
293 359
118 145
200 175
222 250
497 477
396 361
389 252
30 162
336 286
426 327
20 120
129 237
195 39
234 10
315 257
65 4
217 142
389 274
11 211
107 155
338 284
361 330
410 313
458 377
483 294
221 10
209 148
359 261
395 448
406 304
490 391
61 103
271 262
241 71
69 156
401 376
476 436
176 44
86 41
382 298
185 38
122 200
139 220
468 461
173 29
274 281
134 108
493 385
363 471
429 454
151 138
364 260
180 148
108 217
107 241
11 14
290 499
107 94
467 308
469 486
166 238
3 204
288 485
145 92
212 51
160 61
240 203
29 59
453 377
97 95
195 10
282 364
230 4
75 148
238 212
39 223
58 64
76 92
186 45
206 141
55 70
353 401
134 225
109 64
384 455
470 262
109 189
307 375
482 330
31 196
25 48
23 34
270 494
228 128
10 199
3 159
189 215
170 49
393 448
154 80
87 206
421 478
81 99
54 178
482 437
375 291
354 480
162 1
48 143
326 398
49 87
421 257
429 337
430 492
308 325
486 449
72 155
327 316
278 363
278 438
209 88
96 9
210 39
126 218
118 127
1 112
424 285
428 362
182 241
180 19
75 79
409 424
350 485
480 361
249 80
194 80
338 355
136 134
351 315
327 494
342 319
194 79
407 280
9 9
79 109
274 303
433 492
478 480
384 330
382 258
251 349
318 403
173 161
490 489
387 263
363 297
295 274
111 9
344 492
320 492
466 291
440 359
295 383
57 225
30 111
156 223
24 119
371 332
252 425
288 346
126 61
359 352
493 396
288 305
424 436
423 341
469 365
241 87
420 338
294 477
159 103
65 63
283 305
134 195
208 220
495 392
3 212
84 203
246 224
184 17
217 27
162 194
208 226
252 359
451 419
459 267
400 351
427 448
42 132
236 98
133 112
343 319
459 422
269 373
400 458
320 416
156 167
194 93
307 385
186 222
194 206
394 400
422 358
411 478
317 377
136 49
323 454
462 398
400 454
368 492
165 180
363 454
483 364
77 180
276 417
344 341
78 154
405 304
467 421
103 57
194 221
434 333
134 168
312 494
366 372
468 465
125 145
282 401
244 117
197 71
186 14
206 50
430 433
118 244
486 461
225 178
286 436
424 429
333 375
49 162
438 367
160 46
299 414
182 1
287 327
209 130
25 18
343 441
278 375
283 275
153 213
323 372
27 171
326 454
86 92
126 153
171 177
402 372
412 399
399 431
46 83
162 7
324 283
500 461
29 148
135 125
120 46
224 49
370 312
390 460
435 358
44 19
25 92
379 342
437 370
188 4
489 475
170 50
223 169
423 309
304 345
119 139
42 15
248 143
266 431
182 118
222 208
11 128
98 202
104 29
421 499
286 390
406 406
99 189
296 262
320 272
143 119
384 364
36 70
282 490
416 348
416 383
262 390
187 239
230 136
332 307
163 199
195 185
452 470
90 103
79 120
459 285
81 148
460 335
277 416
306 261
227 205
114 8
319 450
264 380
11 190
408 332
369 359
215 213
117 121
70 97
207 62
475 496
6 6
321 395
284 405
330 273
394 339
305 307
375 377
102 185
337 452
373 278
390 284
97 104
277 387
437 319
307 314
296 344
401 446
216 134
410 359
100 100
398 298
340 325
288 363
258 272
20 13
236 160
431 311
14 26
196 37
155 239
500 488
448 327
384 466
491 473
12 242
151 79
236 111
117 124
382 319
357 326
284 427
8 124
56 109
318 451
352 315
249 215
306 302
275 419
356 259
78 144
38 151
425 456
28 125
122 77
322 382
132 9
66 231
171 86
202 164
410 303
31 4
125 208
180 181
154 2
430 383
373 301
218 221
275 274
123 183
121 25
278 407
60 31
317 313
252 466
170 247
449 370
458 439
302 464
162 188
425 309
313 438
307 497
109 165
92 18
325 290
43 238
311 445
299 348
163 111
209 36
29 98
357 256
216 115
239 58
228 132
315 425
21 235
165 136
477 298
124 108
431 488
27 94
18 162
128 150
403 377
69 43
222 63
421 330
217 56
374 429
66 211
458 487
207 107
320 484
342 488
495 408
73 231
89 151
388 469
86 93
141 10
35 217
420 423
319 344
117 185
393 282
212 206
94 44
156 181
24 118
171 110
29 144
277 335
164 201
390 344
23 157
386 500
1 156
84 179
362 349
149 229
402 453
430 331
154 96
62 235
251 359
247 96
434 448
153 134
91 245
388 495
328 396
34 178
75 81
67 244
3 244
448 490
143 25
94 29
406 358
316 287
31 70
327 395
195 65
383 263
167 155
148 100
114 73
74 80
479 278
358 354
270 423
324 368
472 352
462 268
327 267
471 380
334 453
305 480
341 270
413 289
297 464
98 186
12 249
331 427
101 249
443 333
217 239
488 253
287 344
41 6
365 405
11 104
406 365
272 445
155 45
168 90
133 158
31 146
490 284
217 74
483 438
463 300
81 205
448 477
343 483
134 150
462 384
27 165
447 404
210 120
479 455
253 417
233 99
327 296
365 388
402 374
278 335
164 213
194 12
258 471
496 449
274 304
500 286
384 464
494 430
282 461
260 374
151 68
298 427
416 422
90 196
118 32
352 377
76 64
274 346
57 105
114 6
192 23
71 112
355 291
276 409
58 112
122 39
266 313
223 221
54 226
303 441
81 234
382 407
272 287
299 446
202 67
418 435
332 407
303 312
131 217
215 149
321 280
390 407
102 30
222 78
454 381
76 48
112 231
118 34
53 164
76 128
184 50
301 292
326 393
91 115
282 495
197 106
371 473
106 127
261 452
314 487
146 37
486 464
207 156
107 59
387 442
464 389
124 9
169 216
128 226
405 434
36 21
411 477
400 435
308 321
62 136
171 10
413 305
25 222
123 127
462 264
265 424
443 482
252 395
302 315
109 168
382 432
129 206
267 328
439 392
30 156
300 480
255 274
29 25
189 178
210 37
409 270
116 148
294 266
349 455
18 86
361 385
127 241
477 270
470 310
380 270
456 280
66 247
380 290
374 490
259 258
151 118
416 322
187 42
385 273
221 228
326 395
430 377
402 500
78 111
441 261
189 33
490 486
10 222
152 44
174 221
45 3
103 154
159 24
34 64
153 92
196 183
279 443
487 446
172 221
353 265
411 469
70 73
339 333
470 366
134 121
97 66
147 196
21 182
291 455
31 58
23 218
372 389
453 329
409 298
30 181
243 129
491 378
282 500
19 40
476 422
197 194
489 316
353 370
299 380
394 254
345 346
93 127
124 145
258 370
301 419
163 157
413 260
241 160
469 270
127 16
265 462
133 156
102 29
40 189
16 102
408 264
170 107
310 325
461 451
217 67
318 301
148 152
20 114
215 153
99 178
480 347
270 258
432 321
461 389
201 207
198 104
122 225
285 291
285 267
57 196
231 216
480 397
280 358
249 160
121 108
394 331
280 365
272 252
34 239
223 147
110 128
357 459
423 340
128 89
243 209
461 454
403 335
488 356
191 140
258 362
373 324
55 180
134 204
171 184
220 176
126 137
464 391
315 378
18 68
312 428
253 402
172 207
300 442
17 214
424 434
289 411
459 375
463 291
322 410
71 74
283 326
420 349
486 398
5 16
310 291
40 181
258 389
366 351
352 423
8 95
340 479
74 148
366 383
99 239
46 48
27 189
419 298
287 414
149 15
171 22
15 214
37 37
407 255
365 500
393 277
351 297
299 436
98 84
23 4
42 121
289 407
285 415
413 292
30 157
398 299
454 251
58 49
325 397
209 169
216 63
186 101
44 136
9 48
428 429
346 326
393 280
486 439
116 14
79 74
250 141
456 258
218 206
483 348
145 185
19 230
499 480
392 270
238 156
219 106
350 311
11 131
349 363
69 109
227 169
500 437
346 287
184 179
449 416
36 237
56 188
84 50
168 148
248 68
363 294
278 293
274 490
249 25
243 75
495 463
454 268
223 101
475 269
440 368
116 82
210 211
241 234
58 84
155 77
269 423
370 376
9 98
448 424
386 466
39 183
338 393
32 133
465 440
274 446
408 464
254 435
324 378
229 18
67 208
116 91
149 157
367 282
161 190
229 45
172 116
314 253
380 326
115 54
181 223
388 338
330 338
312 454
240 216
483 296
160 217
383 281
97 12
393 377
456 307
476 296
188 227
158 39
409 380
350 362
39 123
491 255
298 454
181 96
219 153
229 128
178 167
215 176
206 84
264 285
117 73
437 416
389 463
205 245
396 463
496 293
141 221
114 185
376 492
368 255
324 372
152 160
438 401
428 355
114 102
203 97
270 339
366 282
460 399
441 324
244 77
212 15
244 192
123 55
363 257
99 129
55 234
47 99
429 309
20 101
481 344
204 157
179 2
258 375
291 339
170 187
91 241
465 287
471 318
478 439
309 271
68 225
91 153
157 13
129 53
210 222
67 164
9 230
152 201
352 280
403 338
46 7
50 97
203 105
82 234
49 193
401 472
136 123
189 225
31 127
394 274
83 73
27 127
482 458
240 108
70 13
314 413
288 299
313 487
368 369
363 365
364 447
461 473
15 57
302 296
384 365
326 281
240 68
129 232
241 100
82 64
48 177
251 356
374 407
58 142
402 468
409 457
66 85
311 428
27 9
254 306
382 391
233 142
389 367
443 276
463 427
161 188
478 416
130 192
242 47
383 429
262 263
246 151
238 195
372 407
383 298
377 378
150 7
431 350
221 232
151 243
75 238
216 226
383 449
328 422
108 54
344 282
98 181
42 213
135 183
258 435
143 9
281 327
215 209
305 286
64 245
473 440
110 37
4 79
99 65
73 175
142 169
449 449
332 265
414 320
19 235
177 59
366 419
87 24
122 224
89 46
241 40
341 421
137 187
422 455
451 484
169 99
26 38
313 409
165 100
292 340
236 92
333 432
92 170
22 91
38 41
363 311
208 189
428 251
371 415
212 207
341 294
208 126
449 319
126 192
7 230
224 194
391 254
345 431
309 404
123 115
127 205
473 264
351 462
399 439
388 446
20 21
314 411
194 5
426 415
73 37
28 164
129 136
105 88
251 338
89 78
258 347
473 262
440 455
338 482
491 305
156 184
480 312
215 18
365 269
352 459
136 69
42 41
358 332
280 420
92 20
128 249
253 463
465 327
265 281
392 268
467 412
303 269
445 401
69 119
496 460
209 189
86 43
128 7
392 272
466 413
7 130
291 284
157 229
192 47
91 42
258 353
424 438
403 417
311 410
249 125
307 483
173 24
262 430
251 474
460 314
480 423
438 346
188 249
47 59
278 410
422 466
149 240
308 252
46 104
331 314
9 43
391 333
210 20
195 168
441 446
312 368
40 27
448 322
328 254
124 12
92 4
155 213
69 9
393 449
228 10
278 423
67 213
210 160
367 360
70 53
208 208
115 128
265 349
207 228
470 396
407 355
17 162
131 28
211 98
192 55
487 271
189 61
294 427
305 485
193 204
43 110
154 229
104 211
265 421
126 214
149 201
48 139
421 284
391 339
191 133
386 426
287 329
350 284
441 298
128 26
472 424
335 323
9 243
462 486
399 278
39 163
391 301
471 401
364 341
177 218
453 439
32 24
499 384
499 345
465 376
245 97
23 90
261 394
173 175
259 423
189 24
355 315
297 281
4 245
11 91
20 2
267 376
440 410
172 20
186 209
498 415
404 313
444 418
359 280
74 49
350 417
215 250
473 291
406 463
114 250
196 247
241 2
417 445
190 155
53 80
19 179
258 393
86 218
222 225
230 190
445 386
427 478
471 394
432 435
173 237
315 255
21 114
180 200
277 273
41 104
451 401
210 77
322 297
378 330
339 253
232 67
118 118
253 496
362 286
410 339
446 400
458 471
466 348
159 39
88 122
123 174
124 143
324 497
399 358
179 120
7 167
365 476
269 442
354 452
197 13
493 489
405 312
165 62
461 490
196 98
183 212
139 82
443 288
239 81
156 27
98 19
183 26
116 190
406 252
316 300
146 120
342 415
239 5
26 161
428 258
317 292
120 157
235 165
339 332
40 176
407 424
356 265
443 254
361 381
305 308
369 375
209 244
340 478
472 418
270 466
154 173
304 366
209 226
125 132
49 250
117 60
443 251
433 325
4 80
500 451
420 355
456 260
266 297
95 95
150 63
449 357
77 39
375 394
445 415
289 370
499 318
35 83
203 30
370 281
448 479
129 55
134 177
70 51
457 347
299 385
151 235
425 270
494 472
10 91
441 390
376 371
201 4
170 176
32 132
160 180
9 183
323 459
174 54
303 314
463 356
102 231
249 33
220 55
343 438
164 98
471 356
411 281
472 454
254 256
228 219
444 422
279 272
368 491
336 435
333 348
214 170
276 331
399 404
75 158
166 237
112 180
390 459
200 178
167 14
71 198
424 411
132 39
164 113
315 278
286 389
428 278
341 329
198 245
387 417
275 340
333 472
322 444
465 459
367 376
108 161
28 89
406 281
211 229
132 115
500 492
130 74
401 497
380 282
179 139
117 166
183 71
328 384
320 367
478 468
225 97
296 349
59 58
485 289
184 217
396 333
195 118
377 445
139 14
118 241
337 466
482 363
123 171
429 258
266 441
492 438
236 235
402 361
303 352
320 469
304 305
119 10
309 438
37 56
232 47
107 35
47 189
353 360
115 103
341 471
339 280
94 168
391 399
228 111
447 467
231 116
218 71
227 186
123 26
381 466
77 161
429 403
180 131
213 179
484 409
193 24
262 491
198 217
485 339
243 220
382 398
291 428
348 358
149 155
250 97
421 461
412 260
338 494
243 89
363 322
143 112
325 459
240 224
333 372
436 474
63 144
179 55
262 494
35 88
129 200
222 92
390 268
18 7
316 441
121 127
272 439
59 82
236 96
315 419
108 178
82 95
382 317
422 276
493 334
410 312
70 213
67 69
184 177
308 360
224 93
118 99
200 20
352 262
336 273
38 140
187 61
4 229
232 163
238 72
89 45
216 213
450 314
370 252
351 289
82 225
25 80
287 311
326 299
77 239
171 97
362 414
425 364
447 436
387 267
386 394
364 430
254 357
317 286
26 206
146 169
228 93
476 341
326 390
327 411
328 380
332 299
75 74
267 470
122 49
90 24
494 350
292 492
495 465
377 292
467 475
343 300
25 168
376 289
24 230
139 158
495 301
409 295
302 421
74 240
144 82
287 356
15 107
403 470
243 210
395 454
141 214
203 15
306 440
134 83
362 472
110 75
395 441
410 343
101 85
449 332
98 74
42 27
110 184
65 67
203 31
298 390
477 284
363 295
71 145
135 94
255 293
338 436
287 295
176 211
500 413
294 461
15 39
425 401
30 73
490 314
186 3
408 289
64 215
138 66
492 359
485 475
363 252
388 383
58 102
181 129
24 139
161 54
110 191
146 18
108 232
471 472
8 29
354 302
13 233
276 358
429 370
47 229
229 53
474 448
194 158
266 480
119 237
28 192
129 56
211 81
431 259
56 157
19 238
117 211
84 154
283 272
54 242
206 19
409 500
48 210
192 243
57 48
400 419
148 137
93 73
47 207
480 260
1 215
463 475
230 22
429 315
386 371
352 271
305 418
321 362
342 260
282 341
315 341
367 303
20 32
383 460
89 197
195 49
71 205
334 275
20 116
311 499
463 416
431 282
145 36
378 476
231 23
207 93
53 176
261 298
227 108
386 422
287 282
465 405
258 487
349 443
496 348
270 358
354 321
111 57
399 343
193 164
271 378
325 487
3 85
172 183
470 304
65 167
17 122
242 232
170 233
232 27
218 47
461 474
88 226
111 147
232 218
209 32
122 48
208 141
349 311
435 292
332 361
423 260
223 121
306 352
45 60
53 34
432 491
42 191
89 125
411 456
280 266
122 188
440 262
256 420
39 214
206 16
273 299
480 341
497 281
9 191
381 471
74 92
27 31
451 388
227 177
164 132
384 256
196 235
198 83
75 91
10 74
61 147
50 25
153 78
174 156
159 69
364 304
265 351
83 225
100 86
338 396
19 48
230 200
431 373
58 134
169 247
387 363
487 322
272 256
50 44
497 312
71 144
471 426
129 234
354 254
383 492
363 330
141 102
495 453
286 252
325 351
160 171
445 493
306 371
152 225
494 459
325 314
59 160
45 196
29 20
223 31
161 225
127 132
380 378
300 251
127 59
9 206
392 484
125 58
28 71
275 447
245 125
439 254
91 31
416 330
303 308
100 66
444 457
11 81
7 210
79 87
222 20
188 212
182 127
426 282
81 233
43 29
91 39
446 295
223 225
48 109
350 330
490 300
6 78
329 408
320 451
268 291
46 88
135 60
311 459
419 410
46 64
338 405
7 12
309 341
344 410
406 427
257 324
153 209
455 289
466 436
96 23
378 382
88 190
104 135
172 41
132 47
179 51
137 27
156 231
84 49
427 496
425 475
185 63
238 18
201 190
91 173
406 352
281 340
26 245
161 78
231 5
175 179
103 215
220 203
73 153
467 345
407 352
249 132
118 9
70 169
69 149
166 74
238 176
473 497
476 319
270 285
237 43
258 292
267 409
271 478
102 149
39 64
404 403
86 126
72 203
313 325
398 413
84 170
254 437
285 457
382 410
2 101
449 289
245 110
211 172
211 69
106 5
144 110
239 144
15 127
439 356
176 107
66 157
35 151
207 213
452 276
64 131
243 25
460 365
485 481
419 419
50 94
133 12
255 296
486 252
240 56
313 369
390 463
429 274
373 426
389 327
362 311
94 65
477 402
424 392
146 204
100 196
79 226
375 438
50 60
494 300
384 264
433 357
130 185
328 358
35 105
8 205
397 385
207 9
274 410
220 6
242 139
426 322
425 303
224 232
265 266
112 125
154 21
171 227
125 102
93 71
360 414
390 339
199 89
480 455
115 67
56 220
131 243
214 219
457 311
307 272
46 161
355 289
69 237
13 68
223 182
160 219
91 183
124 241
476 400
94 195
402 401
325 469
336 482
403 306
37 213
344 474
393 315
410 438
238 15
440 460
404 361
406 287
98 122
256 275
50 163
182 108
180 250
65 159
440 499
464 290
432 443
300 450
239 47
261 405
338 454
480 385
243 166
274 480
242 21
76 234
370 415
275 317
68 55
84 66
125 5
429 336
341 430
353 453
397 270
207 139
311 265
364 434
316 268
69 142
378 422
172 12
132 217
174 92
236 91
383 399
445 460
221 175
256 490
105 161
413 288
455 459
176 193
201 116
22 203
112 85
193 30
390 352
20 209
418 416
308 328
120 32
296 309
437 362
22 133
49 245
359 428
270 447
421 364
83 24
33 245
395 290
199 79
368 452
352 475
291 333
487 375
3 207
300 341
128 235
367 433
467 402
302 344
482 446
451 338
448 372
392 358
302 462
234 11
13 241
434 357
432 324
484 375
138 106
266 408
79 106
345 497
486 298
185 134
474 498
409 363
119 198
24 86
227 203
266 383
177 80
297 315
230 101
424 426
460 276
251 434
466 404
306 279
205 5
159 123
321 299
229 197
184 176
125 202
415 411
33 161
366 479
248 136
317 340
440 498
446 420
281 398
282 332
485 308
114 222
17 106
354 323
445 320
65 238
292 428
139 6
333 389
203 226
376 339
158 162
84 209
43 23
295 416
44 158
463 296
29 81
438 308
419 369
108 26
370 359
451 253
321 443
245 155
343 315
488 354
72 124
363 334
168 203
430 255
317 477
120 149
181 143
186 168
170 11
234 100
457 421
371 303
301 334
335 401
18 122
143 52
275 339
90 8
359 300
168 98
413 468
461 370
162 205
191 222
266 467
438 491
426 432
275 354
326 462
47 231
5 245
265 456
460 367
306 409
124 26
244 214
203 139
419 265
227 192
437 488
244 94
120 108
366 420
418 327
294 450
283 296
115 248
95 96
23 32
284 275
250 112
281 382
367 425
331 457
8 173
425 254
107 98
332 472
294 358
320 498
356 278
71 247
235 179
46 187
354 361
179 69
349 400
51 46
380 497
352 418
288 376
3 196
244 32
294 327
266 282
343 460
17 160
264 313
119 192
369 395
219 183
347 287
72 31
476 324
119 33
388 401
260 414
326 384
240 105
173 73
232 21
337 343
474 318
38 236
236 104
142 93
208 102
336 427
257 268
323 441
320 274
206 110
122 83
315 473
96 60
261 451
428 409
259 346
325 353
385 448
148 154
355 377
241 139
456 252
410 429
318 289
255 363
459 255
455 492
224 139
454 346
17 225
404 317
350 272
99 34
255 453
359 457
65 17
149 221
431 296
115 250
278 266
382 272
477 371
424 321
50 76
215 36
446 453
431 351
158 31
39 25
177 9
483 337
311 260
24 60
440 376
62 71
52 1
365 260
474 486
81 24
302 285
271 447
60 221
276 410
231 226
387 341
73 64
109 246
317 302
385 455
289 475
452 386
277 411
226 40
72 8
55 182
274 290
119 208
413 342
195 232
71 184
122 62
81 37
363 486
222 159
273 464
387 487
98 207
111 119
430 415
473 338
4 209
446 289
426 253
278 326
386 348
28 86
460 434
349 396
181 75
143 149
492 255
247 227
121 242
277 371
271 330
221 178
392 359
330 353
252 345
485 496
6 242
230 245
381 373
219 245
490 317
258 311
350 390
294 493
391 477
288 482
14 113
244 194
214 176
157 144
84 140
96 91
312 487
225 229
133 118
134 132
157 125
276 338
267 347
2 128
406 313
119 158
472 321
317 397
490 381
145 117
366 273
429 401
371 417
456 271
134 146
276 387
244 127
79 123
46 239
488 269
268 389
120 105
46 242
145 17
344 362
423 292
369 337
439 427
409 444
295 440
406 392
191 12
224 57
476 303
364 396
230 171
320 289
245 135
332 281
114 38
117 229
474 304
470 381
186 244
365 325
483 395
392 293
375 389
404 470
121 185
332 403
452 376
481 447
414 484
492 348
343 331
481 472
448 449
48 102
281 324
154 156
10 189
147 102
27 196
435 390
488 370
332 317
74 99
415 252
10 108
481 367
251 263
104 76
387 313
141 246
297 265
304 338
486 354
426 363
74 196
160 196
302 449
389 302
115 188
63 180
179 78
293 469
179 246
172 69
486 330
62 132
130 20
126 135
285 299
440 477
109 237
467 279
326 310
2 231
20 68
438 379
53 111
72 236
131 122
221 62
138 170
38 239
8 64
473 417
6 39
471 476
66 28
33 202
486 332
135 154
362 291
427 329
271 438
408 268
461 488
244 156
387 438
219 26
320 410
85 124
269 300
293 422
232 95
130 166
499 261
248 249
197 217
478 389
13 223
339 343
345 385
141 218
96 204
69 185
382 434
99 181
208 229
490 456
386 321
404 261
324 458
268 348
55 193
59 245
478 445
497 255
335 346
459 481
407 487
299 412
75 179
421 484
219 133
304 441
322 270
474 267
253 351
339 412
347 420
443 395
367 315
86 136
270 439
300 363
275 336
281 278
142 226
136 193
144 135
81 103
352 291
108 60
55 212
21 236
105 192
289 325
339 466
206 203
122 29
268 482
121 144
304 414
73 120
32 10
120 98
433 303
439 445
328 419
422 436
204 207
460 260
54 185
441 318
152 187
180 119
160 159
487 339
295 260
233 20
10 223
32 182
69 235
225 175
391 428
423 267
137 105
121 149
439 382
46 141
8 25
183 93
42 170
468 310
182 167
366 441
459 430
390 300
433 488
96 136
380 393
447 427
350 468
30 37
388 468
454 333
184 144
370 385
204 67
22 15
480 394
314 442
490 393
86 173
92 162
265 365
480 400
22 19
465 324
498 345
314 426
226 239
462 479
119 64
370 373
465 352
202 225
467 289
123 103
423 430
15 244
259 322
429 293
304 311
61 236
392 452
419 325
371 349
312 363
83 113
8 152
323 420
489 474
380 284
414 277
161 168
117 81
316 414
377 432
360 439
136 11
169 250
363 481
43 145
334 393
92 10
148 53
454 413
14 150
95 170
399 283
190 75
8 101
123 37
6 128
470 293
199 190
212 143
163 8
124 102
289 352
75 151
198 23
213 29
488 350
439 401
192 112
312 274
19 139
342 322
239 248
338 445
474 408
440 497
347 435
294 478
134 141
334 471
487 490
93 81
491 421
391 258
415 333
218 125
222 221
126 116
243 250
235 185
327 273
206 115
111 207
13 97
461 262
21 81
224 52
214 29
283 373
242 107
193 241
294 453
417 465
150 27
465 297
256 373
17 188
245 220
223 211
236 133
170 75
70 221
176 239
231 138
397 459
298 327
380 396
139 131
35 152
170 73
411 331
193 230
124 126
268 252
180 132
451 372
308 406
342 326
345 333
337 345
69 38
254 263
249 40
423 409
418 339
12 141
487 301
363 392
15 236
166 73
249 141
311 496
415 269
