50 500
25 46
1 50
9 16
1 9
2 1
34 34
25 8
28 47
4 10
45 48
25 3
18 25
10 8
41 36
17 14
23 24
29 48
33 27
11 7
26 29
20 5
5 23
41 34
43 49
5 17
17 16
37 44
42 26
18 12
5 14
12 10
23 16
9 7
7 1
37 30
10 21
29 34
47 27
19 21
50 27
8 15
44 38
31 48
1 6
45 43
32 29
34 32
30 30
29 49
15 25
15 7
27 35
35 36
43 32
41 48
12 5
10 10
33 49
30 39
41 40
44 41
19 25
24 19
24 25
37 28
27 40
17 22
31 28
1 20
1 13
35 31
4 7
31 32
22 7
39 45
9 21
14 14
20 19
47 47
45 31
44 34
13 16
4 14
38 27
2 12
4 3
32 47
34 36
8 7
22 4
16 24
41 37
38 30
47 33
31 36
3 19
18 3
12 8
25 23
24 15
39 36
18 24
24 22
17 4
13 6
4 24
7 3
31 40
46 41
15 23
36 49
42 42
35 29
46 33
37 39
14 7
2 15
37 32
50 46
11 8
45 26
33 37
45 46
43 36
29 37
6 25
26 38
50 37
24 24
46 43
34 28
26 31
42 44
40 47
28 30
1 5
30 29
31 30
17 25
1 11
23 13
5 13
32 30
23 6
19 9
46 34
40 30
44 31
46 42
11 16
38 34
50 30
3 2
11 22
38 38
38 47
43 27
34 47
4 9
3 21
32 45
50 34
39 47
50 49
32 26
5 15
36 36
46 38
3 3
47 35
42 34
36 32
28 26
6 5
29 36
23 23
44 46
18 17
39 48
17 10
50 40
13 10
42 28
1 22
19 1
22 14
9 3
37 46
44 35
35 37
15 12
44 29
7 24
39 44
23 7
12 23
23 10
10 1
30 36
36 47
33 34
19 6
39 42
38 28
24 20
10 14
35 33
15 14
14 13
36 48
40 32
6 16
23 3
15 3
8 13
1 3
19 13
33 30
32 48
11 3
13 17
17 11
10 20
44 48
41 41
11 25
39 33
42 45
39 32
11 19
44 30
21 23
50 41
43 26
18 16
42 47
19 22
44 47
21 20
25 14
3 6
17 20
50 36
17 8
28 28
4 6
12 14
48 37
28 40
37 36
44 33
12 3
19 5
26 40
4 1
20 7
26 35
17 17
16 5
2 19
3 14
32 41
15 6
50 50
10 15
31 31
37 47
2 2
45 33
26 49
9 15
26 39
2 13
22 5
47 41
31 38
48 33
33 43
18 10
20 6
34 35
38 42
20 14
34 45
23 2
21 24
29 42
20 18
41 29
44 27
33 38
30 42
17 2
8 21
45 47
5 10
35 30
40 29
31 37
36 45
41 26
49 41
20 25
24 13
27 42
7 13
13 3
27 28
3 16
11 23
13 25
23 4
22 15
19 23
29 43
13 13
41 35
21 6
19 19
38 35
2 11
2 6
41 38
46 30
10 2
48 26
10 7
32 42
28 43
49 39
20 23
33 36
23 22
11 5
49 28
38 36
42 31
30 26
18 23
45 49
30 47
8 3
42 49
13 22
30 41
18 22
13 20
34 48
46 31
16 25
22 12
22 22
3 20
25 22
9 6
19 18
35 28
34 30
2 18
33 40
11 10
22 20
17 12
43 41
36 42
21 25
11 24
39 39
18 9
18 8
8 20
38 37
37 27
46 32
37 49
27 32
17 6
40 38
44 28
18 14
18 21
28 33
35 42
14 19
11 20
15 21
6 7
5 25
33 42
12 13
40 36
12 1
37 43
12 4
45 38
33 50
29 46
8 19
2 25
9 12
4 25
25 25
24 14
34 31
30 27
5 7
40 37
21 11
37 34
9 14
21 7
2 21
44 36
16 19
17 23
17 15
6 18
32 38
31 43
43 38
41 31
17 1
6 6
45 50
49 44
46 36
5 4
48 28
18 4
40 34
49 30
43 48
45 30
39 46
12 20
7 12
25 10
47 48
17 9
21 12
7 7
19 7
11 6
50 31
23 1
13 21
8 14
40 44
18 11
21 1
32 44
31 47
9 11
24 12
27 49
2 7
13 11
8 6
31 33
45 45
47 49
4 8
20 15
34 39
23 14
3 17
3 22
41 42
7 16
39 29
15 1
45 37
39 50
33 32
43 43
50 29
35 50
50 28
15 11
16 10
21 16
9 22
48 30
14 6
18 15
16 12
49 40
19 4
18 18
6 12
38 29
21 5
46 48
27 41
8 8
1 24
9 25
49 31
29 31
4 21
50 44
