100 1000
1 100
1 2 48
2 3 31
3 4 10
4 5 82
5 6 74
6 7 6
7 8 60
8 9 85
9 10 62
10 11 85
11 12 72
12 13 77
13 14 22
14 15 68
15 16 65
16 17 55
17 18 56
18 19 65
19 20 98
20 21 6
21 22 74
22 23 56
23 24 9
24 25 64
25 26 34
26 27 18
27 28 21
28 29 17
29 30 24
30 31 34
31 32 23
32 33 49
33 34 35
34 35 56
35 36 28
36 37 84
37 38 6
38 39 100
39 40 63
40 41 92
41 42 99
42 43 79
43 44 56
44 45 95
45 46 62
46 47 50
47 48 4
48 49 65
49 50 95
50 51 41
51 52 92
52 53 67
53 54 54
54 55 82
55 56 58
56 57 12
57 58 26
58 59 60
59 60 39
60 61 58
61 62 90
62 63 94
63 64 1
64 65 47
65 66 75
66 67 51
67 68 41
68 69 22
69 70 42
70 71 2
71 72 6
72 73 16
73 74 33
74 75 80
75 76 99
76 77 68
77 78 48
78 79 43
79 80 65
80 81 16
81 82 76
82 83 68
83 84 77
84 85 51
85 86 33
86 87 1
87 88 66
88 89 5
89 90 56
90 91 24
91 92 67
92 93 59
93 94 51
94 95 21
95 96 68
96 97 29
97 98 44
98 99 26
99 100 89
37 48 31
26 28 51
43 56 97
28 48 53
24 29 89
61 64 53
28 43 10
35 40 12
83 93 37
8 15 44
94 100 65
70 86 39
97 100 70
34 38 53
75 82 100
90 99 45
79 94 6
33 43 10
50 60 4
35 45 36
31 43 45
3 6 11
26 41 39
2 8 100
35 52 33
68 70 8
33 53 72
32 37 91
13 26 89
29 40 50
81 96 33
95 97 12
67 71 26
93 96 25
63 70 8
98 100 23
30 45 74
39 41 8
64 83 90
76 81 36
35 43 13
34 44 19
90 97 13
62 67 55
50 54 87
47 49 38
38 57 48
56 58 94
49 52 6
21 24 66
82 98 34
1 20 3
75 88 24
6 24 76
20 27 24
16 29 83
27 36 91
76 96 2
18 32 90
10 17 84
5 23 30
18 20 9
61 63 1
3 9 64
20 39 32
73 86 69
17 25 75
39 51 42
36 41 85
7 27 23
42 59 49
74 86 3
72 83 64
22 36 39
46 57 46
48 66 81
84 100 22
77 87 70
35 39 23
63 76 40
82 85 90
69 80 33
55 71 65
82 100 81
52 58 69
33 47 5
91 93 57
77 90 33
59 72 75
25 35 45
79 97 52
34 51 96
19 36 79
27 45 76
95 98 69
56 72 12
77 81 78
84 88 85
16 27 25
52 66 68
54 59 11
30 47 95
19 34 72
74 85 28
88 95 78
62 75 63
66 81 96
67 76 72
3 22 16
23 25 8
32 47 90
29 37 22
16 26 30
72 86 25
31 33 60
40 51 16
76 83 56
29 48 22
51 57 65
19 38 50
7 21 55
36 39 30
14 18 51
30 49 2
95 100 17
22 27 48
67 74 99
82 89 9
91 98 42
30 46 51
53 71 63
9 13 3
62 76 76
23 34 33
39 58 21
41 48 79
7 9 13
48 55 16
9 20 34
22 35 10
71 81 25
58 66 67
32 50 52
50 69 16
92 97 60
58 77 42
35 41 15
12 27 74
2 14 48
96 98 68
67 85 11
2 16 64
8 16 8
70 90 48
36 45 91
13 23 52
69 87 43
55 62 40
94 99 62
90 95 76
68 73 62
13 22 24
57 69 17
45 53 38
15 26 64
64 72 36
26 32 49
71 88 14
1 5 48
15 28 13
63 66 7
25 39 52
28 36 21
55 60 24
52 68 50
69 78 49
74 90 79
8 22 4
31 36 83
86 94 64
5 19 28
52 72 61
83 87 28
39 42 30
82 84 56
94 96 100
56 74 19
79 91 4
66 68 93
22 41 54
30 32 71
41 54 44
57 67 43
77 79 5
2 10 41
54 68 73
25 31 60
14 29 80
15 29 91
14 33 9
78 84 68
42 53 100
30 40 14
41 45 79
32 44 14
25 40 82
75 89 94
12 32 78
21 25 92
12 25 12
83 96 64
46 48 81
65 78 93
75 80 52
43 63 14
81 87 37
96 99 8
77 94 40
54 56 63
13 25 27
79 86 8
32 46 13
69 73 39
77 95 97
52 67 97
21 37 10
51 61 90
42 52 17
54 65 19
28 41 48
37 51 41
84 92 43
12 31 33
93 95 30
69 85 29
76 90 30
55 63 49
49 64 35
76 87 70
8 19 65
44 61 34
82 96 52
66 75 69
80 98 92
62 80 43
9 23 22
79 96 31
60 70 23
91 96 16
40 55 8
19 37 61
80 92 5
22 38 33
48 60 26
3 5 60
11 13 69
66 86 22
78 91 34
92 100 65
53 72 5
22 30 68
15 34 20
87 98 78
45 48 51
4 8 92
25 41 79
86 91 96
17 19 19
26 46 97
35 51 11
78 90 37
64 78 3
61 73 8
32 38 44
15 22 66
20 37 24
2 15 49
47 54 9
2 11 60
76 94 59
65 73 58
80 84 57
36 43 38
63 65 92
49 61 11
73 80 46
62 64 33
58 74 80
30 44 93
28 35 51
17 35 55
18 23 73
82 86 49
15 27 35
77 86 61
77 85 18
10 22 53
64 74 92
22 25 43
44 48 1
35 53 12
67 81 70
25 45 87
48 52 76
15 35 31
4 7 74
87 91 68
89 100 26
87 100 61
42 45 27
39 57 55
44 52 64
25 27 12
33 45 30
19 23 14
57 75 59
12 16 54
5 20 62
67 82 14
16 34 20
22 28 93
89 96 56
66 74 26
5 9 14
5 14 63
10 18 11
31 51 14
29 46 48
54 62 8
46 60 84
21 36 59
13 24 32
28 31 61
44 53 79
18 28 51
53 58 71
13 31 9
87 99 79
25 44 65
34 52 37
36 51 90
63 68 35
73 75 40
80 85 50
12 20 30
66 72 51
18 35 58
93 100 71
17 28 41
41 43 66
93 99 74
18 26 34
57 59 79
88 97 22
88 99 55
8 23 63
88 90 39
40 58 18
29 31 73
80 93 19
28 33 83
20 24 79
84 94 42
87 90 83
46 51 6
28 38 54
59 74 74
44 59 18
70 88 53
61 79 76
1 3 86
39 45 80
72 89 60
18 30 31
85 97 1
68 79 86
43 62 6
38 45 78
57 70 58
66 83 4
9 16 96
47 57 50
33 49 25
12 26 80
81 100 98
24 43 28
86 98 37
96 100 57
45 54 50
56 68 91
2 7 75
43 49 8
48 54 38
27 31 23
28 32 73
4 23 20
47 58 69
68 83 59
71 83 25
40 54 68
50 53 43
1 17 96
65 71 6
30 35 62
3 10 45
32 39 28
76 86 68
42 49 72
83 95 6
67 70 6
36 54 81
20 36 98
24 37 68
17 37 76
63 73 19
83 99 51
29 45 51
31 34 58
17 22 6
44 50 14
87 93 74
39 52 79
90 92 94
8 21 66
9 17 12
60 64 13
33 37 49
14 25 99
56 71 74
73 81 30
18 22 84
83 92 45
25 37 28
42 57 83
84 99 40
8 17 64
87 92 17
52 64 51
31 48 68
24 35 52
39 43 57
73 93 51
48 64 40
86 90 65
83 97 60
28 45 32
42 50 54
71 89 95
24 36 96
85 94 28
34 53 98
5 25 82
67 84 63
71 85 32
92 98 100
39 50 98
23 43 79
54 64 53
37 55 10
91 100 66
77 80 4
43 46 43
20 29 56
20 25 99
27 34 44
65 81 89
60 74 78
86 92 9
4 14 51
31 39 40
61 78 2
85 96 31
70 73 94
5 24 85
7 20 68
37 47 14
4 18 72
51 54 100
71 80 10
1 11 19
30 50 25
38 55 36
68 88 93
36 50 12
47 53 5
36 52 26
61 75 7
69 71 76
49 65 44
19 24 61
38 56 91
45 51 40
60 67 84
90 94 58
43 47 48
79 85 53
55 67 20
21 28 74
51 71 3
41 60 32
82 97 37
58 70 8
73 83 85
61 80 66
16 36 30
1 13 72
54 63 83
75 78 65
7 22 13
79 84 90
53 63 47
6 10 52
38 54 81
68 76 33
42 55 1
89 94 79
31 46 56
65 72 40
21 34 15
19 29 19
34 47 82
37 56 86
13 28 41
78 85 62
79 92 48
57 62 74
60 78 64
79 98 27
54 72 60
49 62 36
73 91 81
64 84 80
72 85 17
74 84 76
37 46 93
87 97 95
74 78 26
75 85 60
16 24 86
49 66 48
9 29 70
63 72 15
78 87 73
83 90 67
28 44 65
38 49 42
47 61 13
1 4 67
87 96 20
66 82 10
61 68 76
48 63 69
44 47 40
5 8 20
18 25 2
31 44 20
57 61 45
22 37 81
81 97 16
60 77 3
8 28 84
92 96 36
10 27 34
14 20 25
85 98 80
55 66 94
3 13 2
2 4 75
24 27 55
86 93 36
21 41 24
77 89 81
56 69 34
55 64 17
37 42 16
58 69 21
10 29 73
83 86 44
27 43 40
85 99 70
81 94 1
21 32 80
47 67 1
29 34 84
62 69 75
34 49 41
18 21 91
32 49 39
11 22 20
63 80 17
34 50 61
24 39 15
44 57 78
12 14 42
22 34 65
76 89 43
21 35 22
69 75 76
67 73 63
76 95 28
64 75 28
25 29 66
25 30 50
25 38 68
75 86 74
58 62 12
70 75 92
61 76 50
6 17 2
93 98 64
72 76 91
27 38 43
80 82 7
89 97 28
32 36 37
69 74 72
27 37 3
30 41 35
79 89 28
6 11 90
75 91 58
26 39 33
37 40 67
46 65 45
87 94 69
27 32 35
30 37 61
6 14 18
49 59 35
58 78 13
84 93 100
55 58 69
51 65 78
58 73 53
42 58 66
41 58 77
61 71 89
57 60 8
66 76 67
26 34 95
14 17 91
8 27 12
37 41 100
48 67 8
54 61 21
16 32 68
55 69 81
11 20 34
58 75 92
72 92 46
9 26 80
28 37 59
26 33 47
68 86 6
49 54 10
13 15 35
76 85 60
69 86 77
26 44 36
23 31 45
91 97 71
50 66 55
16 31 44
62 74 78
19 22 28
24 40 25
20 34 40
60 76 22
52 56 84
47 63 87
38 48 13
41 49 95
11 16 80
27 47 53
17 32 47
8 18 58
68 80 99
56 73 100
75 81 73
40 42 55
48 50 12
59 77 32
80 94 19
68 85 92
74 94 14
91 95 89
15 32 86
56 65 56
33 38 78
12 18 4
42 61 36
11 23 22
58 61 5
59 68 7
43 48 40
60 79 93
93 97 100
6 23 47
64 79 68
12 24 9
39 59 6
3 18 50
31 49 90
20 28 8
12 17 39
82 87 42
74 77 48
26 42 77
25 36 18
70 77 100
41 51 52
41 55 34
3 7 61
16 19 12
18 29 24
12 22 19
46 52 51
35 46 94
54 66 65
20 38 36
62 77 36
73 89 45
40 49 67
14 19 94
52 61 76
55 61 19
70 74 20
36 48 34
42 46 84
53 59 33
33 50 43
5 13 2
15 18 90
10 28 58
31 45 40
2 13 83
67 69 49
44 54 17
48 58 81
70 72 89
30 34 1
78 96 41
41 56 14
14 23 52
16 21 93
52 65 55
76 88 14
35 47 37
16 25 17
84 86 8
78 98 86
84 90 100
36 53 96
9 28 78
63 75 13
30 42 26
45 62 7
55 70 42
74 82 1
43 50 50
95 99 94
6 8 83
54 71 71
90 100 63
78 97 50
66 77 17
23 40 2
88 93 42
65 76 66
31 47 98
56 66 59
17 31 86
34 54 50
94 97 6
69 82 84
92 94 82
55 72 55
88 91 54
45 52 91
22 26 77
49 60 89
66 71 72
20 23 2
25 33 13
60 72 3
46 49 86
23 36 13
29 44 8
76 92 9
32 42 91
45 64 42
18 31 86
57 64 12
1 16 80
81 91 50
83 85 78
37 50 62
41 50 64
25 42 34
72 88 23
53 73 99
3 23 4
19 30 56
48 53 14
22 40 53
36 44 4
34 41 16
68 81 33
19 28 71
2 18 35
30 36 86
49 63 61
46 54 34
26 30 67
67 78 26
61 69 24
10 19 43
80 100 31
84 97 8
21 29 58
76 84 49
33 44 15
23 42 76
86 96 56
21 39 57
15 20 63
18 24 62
50 61 34
21 38 53
13 18 64
42 56 62
52 62 29
83 91 9
33 46 41
38 41 92
10 14 61
22 33 21
97 99 66
54 67 28
17 23 57
1 7 24
65 74 34
10 16 72
49 51 37
47 51 70
79 90 86
36 46 78
86 100 47
75 90 11
80 91 77
6 12 30
51 67 40
32 35 38
77 92 34
26 40 19
88 98 99
13 30 80
66 73 80
72 78 68
81 86 51
26 36 13
49 55 2
24 32 53
42 54 8
57 66 47
82 95 14
32 51 19
64 80 81
52 57 62
68 75 66
17 33 54
9 27 36
59 75 3
60 73 43
69 84 26
40 60 42
61 74 61
42 44 43
58 65 35
50 65 15
74 79 54
85 95 12
23 41 64
14 34 38
74 88 4
56 76 30
9 21 41
23 26 5
5 18 6
51 66 81
23 38 16
62 70 93
47 60 32
72 80 95
1 21 57
51 53 52
7 15 91
87 89 88
23 29 86
25 32 87
42 47 27
