1000 5000
381 185
93 547
765 552
46 553
893 68
386 900
997 835
248 653
696 57
784 14
944 374
661 2
493 330
625 364
525 413
886 61
794 331
959 910
882 5
462 774
424 200
25 420
386 273
425 81
329 208
94 272
934 107
273 426
788 897
141 313
661 26
725 806
356 684
716 237
40 529
363 463
80 387
235 465
659 659
898 987
218 343
258 151
449 882
928 237
130 68
901 791
94 977
948 449
660 15
38 699
544 400
514 975
138 100
440 797
758 689
135 327
31 745
478 832
626 405
420 756
473 672
898 918
648 845
718 308
860 755
358 755
506 871
729 644
970 520
792 79
208 926
406 591
670 883
422 648
639 193
403 463
864 652
380 511
848 98
818 707
204 528
813 62
398 894
57 720
413 200
798 973
125 555
915 147
789 688
794 428
880 548
242 743
199 622
605 46
71 423
105 626
950 269
39 699
162 95
770 927
294 920
251 771
474 165
269 263
204 62
42 83
961 283
177 159
256 781
556 678
555 12
304 856
281 342
907 794
789 676
720 434
595 322
204 69
838 472
683 41
885 724
123 845
358 651
355 614
432 263
291 338
274 946
194 906
640 100
700 428
775 771
213 370
93 769
790 930
592 824
971 477
547 445
673 256
448 28
869 231
642 512
568 915
457 761
173 448
860 872
875 987
642 440
708 86
208 849
368 799
672 338
627 570
134 300
825 933
679 46
163 320
557 731
586 365
843 758
813 55
981 39
41 975
478 100
60 685
948 427
836 619
116 462
188 602
113 364
534 143
409 49
814 965
131 400
330 973
509 494
27 842
532 419
816 10
518 227
46 465
654 233
435 121
695 974
74 159
338 960
302 746
8 115
63 138
514 744
110 375
237 489
568 120
907 383
481 425
961 527
241 966
759 28
87 805
1 160
964 690
471 265
788 478
379 850
967 245
945 429
971 181
917 538
652 823
272 133
599 232
659 840
198 769
219 284
574 219
795 889
909 618
153 48
95 883
897 414
127 841
842 449
373 758
986 24
580 257
156 531
489 166
722 38
287 940
673 860
158 819
100 418
436 252
465 531
134 713
296 613
905 137
61 277
894 399
653 825
655 808
355 495
326 76
884 612
15 556
823 525
375 922
294 810
525 111
692 10
175 987
622 80
123 35
356 368
433 360
193 439
520 899
286 845
975 169
808 341
725 630
217 451
551 511
612 427
973 304
436 147
642 410
226 117
444 934
484 228
293 28
666 812
927 303
8 253
472 815
593 548
444 810
350 346
672 961
772 644
616 560
142 258
969 368
726 764
653 561
991 945
589 8
109 867
311 116
119 134
931 63
33 726
224 382
72 895
342 195
890 958
754 32
567 722
751 292
485 403
204 475
699 144
835 159
10 497
275 480
630 557
895 662
282 118
43 353
365 736
900 254
693 653
637 259
375 739
902 211
141 106
38 192
249 872
350 611
368 976
442 349
532 336
10 166
806 404
870 170
139 769
775 184
422 764
794 148
502 696
710 995
153 747
186 753
618 887
715 337
215 157
685 98
844 46
263 649
801 485
170 940
253 945
475 26
60 268
525 561
315 235
555 467
981 92
572 951
331 286
639 545
794 676
642 638
721 257
638 874
741 160
813 345
456 639
371 515
906 895
75 221
481 630
39 814
73 610
116 403
248 754
947 41
781 941
30 502
549 20
727 289
179 539
633 634
529 355
500 434
602 574
6 82
555 45
895 628
6 362
382 253
468 329
294 248
621 675
101 169
694 827
457 224
717 441
209 245
796 708
31 397
634 36
830 188
432 77
167 438
438 549
690 905
229 335
505 849
362 605
17 55
432 825
631 500
617 839
745 412
899 775
160 532
162 342
719 594
418 238
383 207
786 72
464 14
759 968
862 120
572 230
526 355
406 156
855 22
347 951
786 245
77 945
776 238
286 846
183 55
83 565
262 868
989 725
233 99
692 446
570 615
675 95
970 432
603 176
454 949
126 239
545 554
535 672
143 173
517 326
227 952
242 488
819 582
212 404
680 255
849 249
870 876
696 191
307 298
718 760
598 195
350 494
748 237
165 890
409 681
567 635
632 809
475 803
742 38
558 774
293 406
22 514
633 69
56 940
718 773
51 667
967 753
160 714
989 324
955 397
357 522
383 988
682 857
142 423
895 699
548 539
457 922
404 89
990 459
380 708
583 783
374 549
535 534
614 523
209 920
919 565
793 653
905 474
510 398
249 756
449 796
646 905
717 49
345 59
859 725
118 441
507 491
341 393
376 306
915 937
225 185
501 18
837 757
843 698
155 443
805 603
591 450
859 659
850 203
717 60
279 834
500 137
677 192
881 404
497 795
340 74
331 193
91 520
949 285
217 103
728 22
57 318
823 915
976 673
470 45
732 100
878 584
589 554
775 469
310 624
616 649
697 946
841 139
465 142
775 34
596 502
55 653
171 877
919 147
901 740
543 633
840 420
568 780
326 694
248 635
317 863
635 365
161 828
855 625
969 630
10 564
483 64
568 654
293 839
152 193
578 694
177 417
113 744
196 790
438 796
424 106
10 411
823 170
238 677
147 558
658 156
473 141
572 41
794 864
879 945
408 808
990 585
225 454
680 772
244 469
919 19
927 929
429 749
450 18
777 596
575 787
104 48
927 675
440 72
890 318
368 297
477 357
233 701
810 913
825 53
733 95
424 659
23 852
759 473
870 888
420 796
674 523
843 952
197 282
23 86
951 390
735 428
98 967
480 907
231 656
312 964
751 735
974 773
938 85
597 159
324 17
955 349
539 797
300 736
431 674
173 381
415 907
808 512
874 640
770 456
295 433
419 45
519 745
818 457
829 414
967 504
430 273
852 321
422 503
408 852
176 580
584 942
839 744
453 64
383 574
519 677
359 938
722 877
34 891
685 214
656 652
717 438
276 568
758 697
70 165
548 597
96 484
538 934
227 342
997 609
267 516
637 625
805 358
502 190
600 186
403 608
189 471
45 465
390 154
513 811
670 413
407 765
896 296
51 122
637 399
82 255
266 718
880 422
428 733
611 27
270 365
634 459
835 30
275 224
183 139
34 852
551 792
969 798
87 19
919 75
769 352
330 35
70 561
456 497
293 67
875 562
783 861
372 618
242 998
193 425
137 227
628 39
18 596
837 457
966 107
531 735
459 212
121 528
772 576
376 64
994 602
626 777
814 349
394 56
347 586
480 835
164 459
873 534
407 61
990 724
168 872
810 626
84 930
505 855
858 232
271 851
185 248
627 999
596 372
54 294
310 885
128 825
343 353
358 101
413 699
825 932
571 634
909 654
916 765
860 773
996 130
623 181
377 602
179 973
325 584
618 986
468 746
811 162
450 520
263 214
219 439
146 141
72 54
146 339
171 5
111 166
135 86
698 863
39 228
187 715
811 805
53 630
550 863
792 351
734 406
564 304
844 709
444 267
115 589
606 285
946 68
802 432
153 500
294 543
79 481
610 242
637 662
871 538
876 14
888 609
419 451
913 262
512 708
529 626
297 134
262 594
201 63
25 706
914 318
600 993
150 209
586 786
870 456
675 745
470 562
354 888
365 618
502 876
325 30
501 973
163 762
566 715
176 942
772 90
612 372
434 761
580 19
899 450
474 573
194 295
487 899
535 851
868 36
726 545
65 578
517 579
691 435
645 866
728 417
955 339
140 740
100 719
758 350
520 584
274 66
230 760
316 764
610 184
151 687
728 567
264 596
497 954
382 142
820 110
910 126
448 49
866 899
119 975
248 639
558 522
704 140
633 19
903 595
554 406
281 281
972 545
229 469
850 610
962 21
719 871
147 167
271 364
65 389
690 665
379 600
538 434
739 170
453 993
764 358
398 45
639 370
941 867
190 790
828 151
163 547
373 309
65 643
24 481
383 713
145 762
312 682
195 402
204 999
395 967
357 792
363 347
513 303
565 702
445 392
204 607
938 576
267 354
570 642
835 305
354 331
66 18
365 612
419 568
963 165
886 319
957 249
17 821
551 581
523 347
972 78
953 262
654 571
615 575
212 801
879 566
484 944
935 848
908 705
767 870
870 652
540 178
900 556
998 803
488 872
149 811
950 454
72 955
24 39
529 236
191 408
153 674
703 439
873 610
495 639
831 716
291 722
893 542
629 243
344 116
466 845
927 767
650 350
721 673
388 250
260 931
9 764
604 711
554 477
673 49
467 855
764 757
577 9
299 205
603 994
321 68
190 599
835 839
948 907
864 688
156 475
618 516
239 573
227 144
401 251
192 868
105 308
976 681
668 274
886 270
620 558
689 809
508 875
648 455
782 863
494 289
337 463
805 927
388 383
71 788
633 262
7 737
921 983
418 588
608 655
857 227
564 898
388 71
772 35
525 905
249 371
194 585
185 350
512 572
732 582
712 364
195 718
452 468
52 869
55 660
875 264
238 438
161 625
508 284
11 385
189 259
755 734
844 291
83 707
863 814
288 574
529 834
643 980
301 695
201 708
706 75
971 943
865 483
568 372
766 930
756 306
189 862
39 384
153 121
90 367
286 729
292 166
562 934
146 215
980 698
922 685
124 892
628 988
726 547
360 843
476 467
149 664
681 539
47 185
12 488
551 297
216 842
815 778
127 312
344 107
9 265
791 132
508 770
120 585
316 831
427 144
649 927
807 329
466 206
513 477
693 63
125 261
256 939
390 383
250 733
841 610
349 631
94 856
753 213
440 68
395 218
211 43
145 370
724 610
927 236
438 971
651 914
231 258
205 620
640 454
704 832
416 52
815 509
907 567
73 698
986 467
916 549
861 60
918 584
21 196
172 810
166 822
723 749
79 927
368 71
733 72
254 148
123 68
8 382
634 80
79 620
898 346
168 758
757 437
694 129
632 865
938 149
38 661
897 116
939 617
538 671
688 792
170 162
859 177
895 845
256 326
464 505
671 983
263 780
419 308
908 402
172 846
550 209
858 447
676 796
63 566
467 102
709 988
615 919
165 510
763 772
835 578
277 857
560 891
636 330
550 544
731 721
741 633
281 598
79 308
393 493
225 211
946 933
199 560
204 715
69 966
838 255
896 114
464 455
356 99
994 219
977 86
851 609
683 281
917 428
773 493
990 718
778 540
630 981
254 698
946 92
305 193
557 768
648 265
218 136
521 564
354 498
649 205
458 684
485 726
111 610
219 100
327 996
640 956
976 245
6 273
688 662
466 597
781 465
213 998
952 733
561 305
582 562
509 40
245 346
765 355
955 335
806 633
330 797
941 657
394 298
282 81
959 99
29 739
915 241
88 866
974 1
170 907
562 31
946 806
376 63
512 330
397 669
314 79
466 254
735 859
551 368
291 861
466 320
599 380
912 39
245 237
39 767
144 952
797 441
109 524
503 972
205 900
640 518
978 457
772 64
667 674
432 958
535 249
629 485
629 540
523 225
777 913
343 272
216 139
712 324
14 215
647 218
466 287
736 795
95 859
210 762
532 641
71 66
242 51
903 870
942 425
446 70
690 789
341 905
279 53
581 293
619 227
510 436
865 597
230 960
807 791
73 339
784 495
756 25
897 658
246 838
908 124
831 248
380 110
652 960
754 622
539 615
57 403
212 638
714 370
429 138
708 212
632 816
236 528
473 481
718 907
523 625
382 354
224 762
815 228
73 568
849 611
182 906
14 745
543 79
115 971
217 174
534 200
989 769
80 814
601 797
72 124
773 806
477 996
567 291
223 639
210 424
250 743
329 615
488 871
45 954
194 261
479 727
813 820
848 892
633 448
40 56
571 812
861 399
159 779
689 734
418 250
157 19
993 485
985 480
707 29
785 252
642 263
331 454
434 178
697 66
625 736
474 548
547 334
946 705
465 987
438 234
236 594
604 228
430 588
59 489
968 195
740 609
810 70
414 243
247 110
661 224
845 134
771 743
819 716
800 283
702 237
516 290
183 119
517 964
58 928
452 26
122 544
986 931
613 400
174 212
509 186
435 706
671 557
448 489
272 247
124 326
836 991
615 370
462 483
685 871
410 137
896 884
32 234
814 644
985 339
207 493
876 993
550 546
549 998
35 173
596 510
498 783
500 464
152 313
946 189
184 708
325 431
591 708
664 756
351 648
447 910
493 322
902 42
868 451
391 254
623 339
763 472
121 614
935 625
927 232
813 462
939 489
892 881
196 908
637 898
555 83
159 399
756 61
793 623
863 183
228 837
873 990
308 346
956 242
970 234
825 134
695 764
974 586
996 521
493 632
418 400
66 929
150 822
989 942
796 851
477 24
687 349
13 346
694 320
939 15
553 763
148 247
878 121
185 874
641 29
505 411
780 923
339 930
744 679
871 539
529 347
914 567
48 279
264 741
598 202
756 151
964 255
749 842
376 285
715 368
666 571
778 797
493 468
726 588
146 949
127 26
647 392
944 694
670 207
787 268
408 542
770 372
796 870
565 523
155 279
243 172
849 20
968 694
840 694
281 985
994 759
363 640
151 306
686 820
513 472
87 272
365 856
643 160
726 207
35 232
837 277
403 38
648 370
731 487
415 11
824 408
770 186
400 272
843 85
91 355
556 530
979 920
737 621
431 814
180 817
45 368
93 799
405 93
521 135
579 935
498 754
695 619
291 94
890 134
530 980
840 85
861 818
356 598
791 786
411 970
603 808
337 47
958 742
139 478
228 70
765 725
175 459
343 466
904 232
599 433
564 438
869 424
608 224
373 398
361 136
367 315
943 55
714 252
148 852
730 376
273 494
452 448
304 147
265 559
378 863
343 293
652 563
69 259
138 441
656 850
576 374
165 870
781 230
122 928
433 203
655 706
696 459
505 351
605 769
261 982
983 955
627 634
517 695
893 6
487 900
855 63
274 371
284 54
600 405
333 33
959 340
738 654
798 594
356 402
362 968
735 344
922 361
329 790
407 573
795 894
473 650
308 98
20 591
503 620
348 835
652 306
526 741
312 323
334 19
724 47
987 811
742 260
523 70
50 930
643 844
175 467
493 482
916 865
424 418
484 123
604 487
429 130
227 92
452 912
462 528
310 800
690 51
60 212
472 109
493 466
304 667
284 149
500 199
13 924
616 848
46 220
686 826
701 264
269 152
527 731
31 836
530 720
238 941
284 709
401 776
527 705
443 810
205 942
9 569
217 976
416 615
547 453
792 247
716 61
751 242
143 781
77 672
853 666
613 136
726 13
911 252
69 705
414 273
647 774
841 215
749 608
829 648
60 621
894 127
681 644
720 175
777 148
846 629
813 810
764 539
175 26
142 595
731 555
868 377
328 60
943 429
20 772
76 431
744 321
910 776
317 629
950 93
777 147
721 589
957 836
127 483
861 269
77 591
175 296
319 503
708 262
283 79
385 710
509 128
30 418
255 698
47 204
790 823
350 862
763 658
697 890
492 910
510 921
852 684
216 171
538 275
784 172
353 520
881 862
999 263
631 253
960 29
456 102
851 157
963 614
167 12
855 658
921 716
578 772
399 794
294 289
420 77
460 773
596 693
986 946
955 616
198 266
645 5
367 847
162 682
812 328
693 18
985 613
733 563
736 484
708 30
124 479
458 583
251 406
627 588
351 933
204 549
199 200
553 917
398 66
598 562
393 290
579 730
254 664
644 342
499 703
371 622
181 180
556 784
585 535
371 936
467 926
836 17
477 388
934 875
806 883
788 198
525 718
279 130
381 274
471 231
976 193
852 509
373 760
292 957
294 662
244 112
588 79
129 416
819 414
290 624
296 77
173 172
795 452
302 527
725 772
758 53
317 961
561 689
72 204
645 365
865 889
829 804
319 957
220 137
370 861
760 17
290 285
541 436
736 842
962 812
965 71
216 281
384 776
969 455
979 966
172 196
206 1000
351 524
308 922
661 29
783 772
45 424
56 585
859 143
778 172
307 95
595 522
375 978
650 696
784 628
13 955
175 218
306 526
93 613
799 105
641 581
877 38
356 284
974 214
427 752
386 733
198 980
254 924
309 255
619 92
883 983
399 409
552 704
286 645
669 85
749 661
17 977
698 373
261 24
586 39
127 323
771 324
654 376
247 962
631 218
406 865
200 804
625 752
507 911
396 527
995 496
188 11
473 237
383 85
260 321
123 386
995 245
709 649
972 956
962 954
525 367
818 724
170 795
475 29
705 222
555 699
70 742
61 542
979 796
978 590
116 452
976 110
696 36
110 667
343 72
973 867
438 142
591 960
936 417
988 640
639 894
690 708
636 103
601 966
898 930
907 365
381 882
826 76
918 936
94 612
359 66
479 148
208 69
107 143
837 446
135 475
340 176
534 327
278 486
644 175
767 550
891 147
432 717
574 701
4 20
312 362
437 142
509 996
210 968
491 47
413 625
873 104
800 759
430 78
596 73
604 363
623 495
861 406
563 435
106 566
806 769
927 242
911 787
238 472
106 728
870 871
704 743
974 503
853 404
932 448
476 888
810 450
382 671
855 944
457 312
861 262
81 139
855 343
277 92
814 383
171 36
253 874
778 226
729 982
629 660
429 457
899 591
906 280
613 113
575 69
424 787
682 856
925 536
550 202
980 716
584 150
751 836
24 880
413 104
861 394
763 641
202 14
231 459
293 195
571 220
615 347
6 296
554 931
184 104
484 163
819 67
312 921
254 687
800 18
790 12
411 905
652 612
918 235
423 562
781 993
133 396
691 139
43 245
421 226
348 904
740 518
322 404
438 927
90 589
944 232
600 355
488 603
318 405
189 740
318 970
85 451
365 775
941 407
371 361
985 718
616 76
587 289
479 24
215 921
964 158
504 563
864 991
518 182
747 706
273 64
675 709
866 39
484 806
798 854
518 134
924 485
209 510
773 688
886 987
608 201
145 111
116 8
453 633
541 199
338 166
614 13
874 480
403 709
285 552
563 155
685 838
699 764
933 936
750 892
137 246
354 252
606 806
884 498
4 221
663 617
585 537
448 988
245 85
539 159
239 576
348 229
469 47
992 401
982 742
644 470
339 997
721 944
802 956
442 157
177 456
125 113
344 573
452 589
657 991
99 247
918 447
475 386
845 467
138 826
560 133
296 898
129 368
194 930
324 987
438 852
442 562
964 786
486 416
726 494
758 176
92 675
622 567
412 466
385 901
644 296
33 291
545 513
658 738
794 333
76 231
184 518
144 500
655 982
915 380
475 24
555 567
50 529
485 813
346 221
65 341
516 97
631 412
609 641
150 754
973 577
984 509
94 479
8 100
460 274
831 287
649 738
853 50
266 689
862 963
909 926
304 776
374 286
187 334
926 688
87 251
265 422
111 710
900 470
810 360
743 992
646 743
729 850
792 346
538 653
309 798
930 612
925 303
249 111
636 175
151 74
777 767
495 887
476 394
708 637
753 450
629 398
544 357
599 335
703 488
339 363
285 268
326 561
570 574
672 557
748 174
630 876
940 124
114 415
517 821
404 622
622 384
371 165
740 970
499 794
156 94
104 833
654 25
407 677
581 506
850 210
382 141
685 847
556 202
668 311
823 641
694 193
806 785
514 656
931 971
845 438
64 300
271 69
325 677
746 257
182 947
819 915
88 503
762 995
56 781
305 230
421 350
775 578
134 288
586 64
610 430
854 25
729 124
94 405
800 191
662 333
137 480
600 224
334 361
570 390
493 226
971 265
575 745
195 61
33 780
476 642
209 329
19 289
452 112
694 603
302 707
936 790
538 535
366 871
247 935
612 91
161 583
355 87
679 549
147 711
328 623
705 888
951 723
177 755
186 222
357 839
280 644
628 817
178 345
39 776
280 3
866 792
937 573
878 615
473 377
678 801
999 382
40 301
456 568
55 993
141 412
831 420
55 810
236 585
155 627
360 786
629 578
929 565
150 158
531 622
534 208
774 532
941 166
185 396
733 239
740 874
650 570
293 57
732 881
641 238
507 352
23 487
281 951
403 430
460 933
404 994
141 529
877 81
694 61
829 779
300 568
652 301
490 296
709 221
528 701
810 386
53 832
872 685
134 626
467 593
559 870
938 51
750 815
131 444
875 311
222 526
231 225
827 720
872 887
292 400
588 101
785 992
284 9
676 769
634 142
713 544
363 651
594 113
465 77
556 339
387 129
217 617
705 395
688 576
281 331
327 868
431 464
859 66
472 887
186 457
380 899
1 743
549 946
855 13
22 762
703 409
242 271
377 946
665 65
873 946
395 200
165 178
663 376
243 486
262 781
294 641
679 294
735 227
240 941
591 261
702 645
21 295
916 398
240 580
462 113
877 208
664 42
385 326
417 980
163 30
760 456
22 438
102 757
16 341
697 606
953 751
602 326
45 517
723 637
449 536
101 677
743 764
718 480
89 486
459 603
867 570
58 241
7 159
997 374
851 45
331 156
795 932
481 192
801 555
828 249
442 928
277 184
691 347
15 131
832 473
733 51
42 142
291 400
301 639
773 151
683 455
658 478
387 138
669 187
44 848
787 485
775 63
21 817
409 35
947 593
860 31
995 253
172 285
653 824
923 777
327 957
232 984
786 970
474 806
156 517
653 294
354 427
356 374
595 117
760 893
709 619
923 703
872 447
339 876
622 613
652 948
569 235
932 355
556 405
160 63
273 165
356 978
943 64
351 538
180 463
430 240
81 705
294 952
503 632
827 124
244 831
72 164
417 3
870 973
759 30
35 383
546 743
361 488
806 63
25 985
877 455
576 958
511 869
261 13
500 440
136 95
622 207
610 38
561 480
362 671
861 749
406 406
491 118
893 648
532 270
632 409
724 559
366 586
427 978
598 926
417 733
372 38
292 981
428 204
812 141
875 672
241 632
429 731
749 322
378 280
591 361
688 666
919 405
251 697
383 200
622 151
284 345
541 575
678 320
131 489
460 357
513 701
988 941
783 88
614 513
367 204
225 407
221 496
163 823
192 897
22 166
48 306
510 588
232 187
907 362
28 718
70 540
418 57
832 553
144 446
65 863
1 641
269 222
136 783
396 328
680 418
493 727
75 2
666 658
541 924
372 920
641 441
811 411
850 642
963 993
87 379
207 88
19 475
661 507
258 56
834 937
825 326
15 251
679 680
909 571
955 632
490 595
72 300
357 921
942 319
266 380
49 472
819 420
299 831
926 908
239 111
196 63
436 210
666 466
241 926
37 195
557 878
141 980
530 498
901 471
168 518
202 217
989 21
988 639
203 265
546 441
375 741
856 162
950 521
627 542
446 15
88 354
245 229
333 774
726 585
596 893
102 797
461 443
169 800
81 372
64 627
812 790
367 667
951 669
187 930
210 984
296 298
337 540
878 22
313 603
606 908
495 708
57 308
150 225
107 230
596 171
208 760
960 575
778 263
595 317
544 156
300 839
805 989
731 682
10 43
284 967
303 131
674 359
438 175
935 544
757 531
66 964
642 378
538 419
640 132
735 535
640 387
725 444
727 455
126 88
850 409
54 504
891 728
862 328
254 796
224 10
678 289
974 671
18 863
90 9
347 176
543 986
914 620
429 640
74 554
727 275
315 781
778 205
860 991
885 113
139 108
123 816
748 96
487 766
310 928
774 656
455 669
641 369
288 422
8 713
975 735
988 641
867 117
846 726
460 730
838 598
189 960
413 288
407 251
53 717
530 179
724 985
199 365
353 838
786 712
550 112
798 889
753 664
6 598
389 465
679 579
414 219
890 826
506 297
429 911
365 958
441 88
294 991
804 998
828 589
710 377
53 859
266 805
523 623
754 263
439 784
841 852
2 83
29 859
379 809
121 95
119 561
182 412
551 986
762 378
926 471
107 978
681 724
134 203
346 239
818 136
22 10
339 375
92 719
234 822
528 706
916 646
267 450
409 169
787 170
899 712
640 5
42 673
80 527
227 777
766 44
912 139
406 602
514 497
320 99
671 847
804 586
844 422
387 253
943 173
422 193
237 414
549 630
86 628
156 312
404 273
708 667
412 113
268 277
609 939
375 279
786 530
217 981
304 603
233 598
776 655
790 364
420 690
993 505
317 148
816 72
421 875
738 184
987 357
460 948
295 186
578 432
67 794
413 722
749 997
319 876
651 460
239 70
501 231
926 817
730 94
240 150
968 977
685 955
685 144
902 980
681 479
411 748
625 175
469 373
172 140
600 174
951 838
596 452
420 521
620 149
966 860
299 934
188 335
240 873
479 141
204 159
971 966
258 947
141 79
319 664
570 270
837 520
107 784
323 526
305 295
27 270
154 677
555 693
11 794
917 489
286 120
1000 609
86 609
555 578
687 226
241 256
495 429
128 954
213 802
831 869
96 857
490 601
533 45
646 544
190 562
384 828
682 383
436 119
992 990
696 30
567 288
286 62
716 765
367 280
918 197
148 14
54 638
966 586
34 611
481 223
173 865
402 206
599 837
324 942
179 371
972 745
658 609
158 725
373 524
5 642
721 504
655 126
141 973
63 526
583 544
101 755
760 502
312 358
691 635
300 869
5 271
965 14
231 475
739 955
350 95
596 422
598 251
547 91
575 962
616 157
505 716
264 616
218 575
973 260
210 624
480 566
246 796
580 476
270 670
430 620
764 26
393 713
628 940
803 202
901 419
710 757
486 973
724 55
548 48
314 109
672 793
674 269
589 605
745 210
274 526
181 389
903 574
102 882
865 904
435 765
674 145
873 160
469 948
214 368
995 528
476 18
320 502
287 260
458 383
470 84
260 650
472 163
575 925
396 439
829 183
555 854
327 779
13 147
726 227
515 721
106 342
90 777
195 376
37 653
110 858
88 370
859 911
884 434
836 631
872 664
813 779
869 491
557 882
638 283
460 504
355 565
845 444
341 392
172 729
396 281
586 483
2 797
393 885
230 228
516 453
243 680
231 112
171 140
345 808
422 804
663 128
368 859
923 60
250 94
789 997
727 726
479 80
522 224
317 103
803 184
556 398
863 138
861 33
277 205
192 50
8 854
529 727
65 452
786 314
897 574
311 975
300 141
55 173
716 371
276 519
554 831
268 416
320 128
801 949
684 992
350 43
198 879
769 262
682 906
927 578
480 589
553 131
730 959
303 797
329 578
315 234
760 582
649 432
61 449
380 744
793 729
786 342
959 554
955 640
460 881
218 291
822 122
773 903
80 427
699 760
357 14
993 116
947 993
547 8
794 278
751 586
7 537
279 317
442 233
957 253
465 174
895 286
647 667
188 78
94 887
189 450
252 181
917 198
525 816
557 318
93 308
255 451
196 533
768 637
117 724
242 582
249 136
219 247
803 759
676 248
997 864
49 248
44 317
797 920
132 354
238 577
13 492
379 208
377 498
196 845
221 437
778 821
573 997
419 727
755 94
326 751
957 726
350 352
42 146
272 526
851 861
102 863
422 80
330 618
925 902
54 702
75 978
50 493
56 156
587 381
258 895
106 607
599 500
105 222
25 307
82 478
170 785
309 591
217 990
560 493
892 966
546 966
943 596
458 999
103 396
731 361
643 837
319 241
688 775
814 712
82 895
541 603
31 201
545 247
191 105
91 82
70 637
47 12
584 856
362 686
252 93
398 246
281 717
838 968
491 651
31 924
897 571
526 927
123 71
526 313
527 616
746 596
604 792
959 539
1000 321
225 603
765 974
848 45
690 685
12 533
335 42
808 231
964 334
509 86
756 34
751 282
2 496
229 957
288 187
496 639
859 72
241 975
45 88
19 735
124 382
619 810
775 426
392 90
111 900
176 866
286 926
499 639
773 727
595 412
266 90
50 124
161 290
99 206
729 469
292 852
851 262
661 977
687 52
67 798
304 594
15 589
871 514
227 643
240 173
55 505
263 104
981 775
746 431
980 474
899 623
678 101
884 338
78 923
742 144
720 397
89 86
985 959
599 563
601 191
735 655
695 349
111 27
124 856
457 455
329 708
430 6
808 313
696 237
587 789
732 658
185 820
744 521
778 342
435 379
884 521
33 931
870 495
957 345
350 414
799 31
121 580
388 280
245 83
517 831
223 248
489 407
68 232
279 845
925 713
575 809
234 608
739 455
102 47
799 804
460 949
834 932
529 221
564 773
656 80
603 878
679 443
637 746
674 267
943 951
332 517
759 565
476 849
371 930
895 169
733 707
469 918
990 997
138 553
121 145
632 76
375 311
518 363
408 544
629 350
494 960
219 252
876 694
452 246
623 346
766 707
404 235
624 394
583 114
946 56
258 930
483 632
592 1000
994 999
543 975
701 388
934 271
991 162
316 442
407 939
140 525
997 543
111 621
288 45
86 586
100 343
515 582
327 458
934 672
808 828
646 860
216 932
130 206
93 446
1000 851
736 491
375 732
33 837
704 673
882 789
258 333
484 124
267 162
581 200
833 388
379 831
600 594
762 729
152 206
526 503
408 261
993 135
345 377
971 400
49 852
189 658
537 24
781 803
185 713
354 369
453 732
199 52
678 312
132 181
517 658
683 925
411 614
403 381
14 804
585 554
461 121
929 594
923 113
306 628
833 110
359 32
161 36
568 212
302 250
488 571
628 898
185 31
630 550
834 214
455 646
334 735
239 608
199 897
235 31
6 946
62 519
333 757
163 901
320 464
502 807
34 130
56 570
512 685
471 697
899 277
342 584
11 933
544 209
829 130
592 186
75 653
704 760
761 218
12 80
681 513
238 67
994 293
636 505
978 459
201 228
735 895
163 98
827 706
658 7
188 249
544 614
254 600
373 14
817 384
446 498
249 683
564 242
328 551
99 657
361 651
884 448
545 398
545 723
456 554
729 643
155 273
256 408
872 981
773 40
716 218
537 964
253 452
558 580
355 656
236 715
658 471
162 203
868 58
277 323
964 6
317 118
630 573
525 853
905 649
892 620
219 781
584 471
584 141
402 290
148 637
357 805
459 870
359 326
928 636
1 891
993 317
8 974
241 884
178 145
884 421
765 102
553 348
572 489
840 973
778 339
961 134
495 771
4 206
97 283
841 449
525 185
765 884
510 358
119 687
502 2
459 266
104 12
965 27
500 156
352 629
494 664
763 341
435 118
546 883
752 738
331 628
274 447
511 783
804 629
821 306
982 279
923 85
642 888
464 493
43 815
122 889
478 236
581 912
705 126
794 456
863 476
83 136
923 945
270 726
925 90
31 906
720 954
343 714
193 806
206 587
620 327
827 449
914 407
713 618
532 506
73 746
334 507
881 256
451 502
981 375
591 364
633 663
669 975
376 213
132 933
799 751
260 978
551 525
384 263
143 916
121 215
661 454
722 894
61 524
395 41
251 338
756 883
352 776
209 79
340 340
11 491
442 622
468 992
147 851
255 289
766 727
855 779
180 576
24 240
452 770
632 702
107 740
936 810
867 144
888 559
483 899
49 924
520 516
267 18
366 873
306 484
599 161
614 130
88 637
721 539
758 705
592 217
444 527
26 662
22 914
220 504
164 268
779 35
135 46
53 853
918 710
688 517
870 301
998 310
289 719
200 46
423 792
262 218
670 640
879 692
553 451
195 68
70 326
102 205
371 506
57 640
216 96
508 437
396 506
746 36
224 946
433 998
89 47
215 758
686 445
449 590
895 996
657 965
673 110
521 395
616 929
34 183
24 542
619 771
399 717
806 622
662 590
619 102
636 185
211 321
629 12
262 524
7 270
840 31
380 360
425 347
640 810
881 663
785 101
567 942
74 580
531 692
681 167
876 892
839 505
903 453
380 261
722 219
291 453
930 67
799 569
876 31
583 579
530 719
679 96
660 753
28 190
708 24
951 547
880 853
999 259
113 72
829 755
525 110
173 675
30 49
706 964
979 587
682 9
34 341
113 61
530 909
769 238
284 719
136 163
924 486
773 388
557 953
495 433
62 667
108 443
67 813
406 45
399 87
54 432
779 166
845 308
426 613
897 709
683 384
223 606
221 995
994 130
299 488
562 360
506 669
154 573
833 559
617 583
997 22
367 775
540 211
435 965
175 331
26 857
67 248
815 287
595 160
416 893
999 330
605 504
76 183
669 45
117 665
418 835
440 957
45 874
274 571
556 651
780 974
898 594
613 844
105 380
737 103
709 693
958 59
450 386
593 118
430 61
135 199
896 574
508 292
799 781
863 706
783 642
32 32
587 644
876 691
23 612
145 84
656 102
142 105
487 86
575 268
146 709
467 41
634 974
333 784
106 547
841 888
188 872
271 774
867 146
816 890
109 960
973 764
61 466
869 900
551 795
519 48
503 985
441 488
310 773
271 767
319 463
6 858
335 277
631 201
422 798
442 531
757 766
646 169
231 866
68 133
660 587
181 514
923 973
1 585
745 623
351 415
86 709
624 772
985 606
972 758
403 766
640 159
531 286
327 114
151 747
598 811
685 130
324 959
102 677
543 198
299 246
612 384
306 235
155 290
840 479
399 594
244 39
752 126
676 431
591 178
529 189
988 565
318 664
523 420
340 418
617 990
15 581
374 320
167 880
961 359
710 359
952 953
749 704
431 424
486 21
602 366
209 941
930 527
956 452
298 647
221 914
637 235
494 362
906 661
593 866
19 303
577 970
607 325
25 37
101 862
410 54
227 618
346 156
496 302
960 793
948 532
59 936
767 552
649 24
890 934
544 466
256 150
142 632
539 242
494 948
647 72
917 993
228 413
294 539
557 593
70 615
881 188
519 529
212 82
770 101
368 313
918 623
815 411
606 353
5 99
652 651
171 568
643 750
980 288
288 537
233 709
503 113
897 21
641 108
455 411
560 822
75 829
796 241
239 401
945 243
852 596
894 374
164 888
475 495
528 114
383 760
822 886
872 718
258 864
177 712
626 88
885 701
916 680
293 155
433 238
397 636
833 642
361 348
882 835
195 409
300 577
168 121
814 391
191 72
254 719
783 880
807 20
932 722
51 224
876 835
813 625
470 998
618 182
345 499
368 891
907 667
468 74
788 633
464 330
704 70
48 839
301 854
210 232
928 260
807 803
95 620
779 916
617 397
98 313
895 465
204 802
132 23
227 271
655 43
952 711
112 999
901 412
205 110
995 132
721 801
286 815
420 65
731 388
813 180
701 707
644 256
860 127
278 439
749 284
481 700
346 944
51 598
707 255
738 780
853 23
594 625
439 676
12 251
855 64
310 851
319 521
329 948
959 78
584 439
129 281
734 179
879 440
785 937
492 522
716 345
897 310
969 335
337 980
938 192
396 247
42 66
767 722
14 726
151 949
516 280
229 250
810 459
396 533
820 463
877 716
124 845
403 461
652 923
586 45
989 704
766 354
781 269
302 649
548 882
898 709
341 290
655 88
822 475
550 50
542 674
246 944
134 774
283 137
696 220
533 684
924 650
37 56
918 690
704 817
572 953
526 912
243 180
999 416
6 900
466 548
573 711
843 58
484 126
194 532
345 78
215 620
728 604
676 645
293 379
814 216
332 339
127 574
870 477
989 228
377 806
127 301
517 969
359 352
94 904
883 791
982 450
410 709
53 85
705 697
464 518
913 147
208 391
720 78
220 60
657 596
866 783
896 734
751 606
437 845
510 672
635 491
121 396
481 607
573 296
477 485
442 684
228 161
113 447
572 769
394 789
551 641
874 654
247 311
850 756
982 836
598 102
231 148
978 711
106 550
6 582
387 799
618 614
311 82
60 883
203 805
23 105
445 897
758 691
207 607
798 188
442 395
641 673
894 970
735 1000
519 93
933 905
891 550
870 202
984 281
84 186
85 106
290 530
2 48
572 560
654 370
99 96
764 739
120 658
60 854
9 579
946 941
835 837
843 705
38 826
985 473
11 422
930 300
951 284
699 522
843 353
243 942
800 7
32 919
16 92
124 376
22 422
316 856
258 510
912 647
335 897
119 697
670 48
349 620
331 47
493 526
751 736
467 550
94 850
820 109
293 296
484 314
717 151
170 326
13 433
972 347
681 90
396 350
489 744
321 172
142 814
697 893
901 515
794 994
716 614
454 9
261 289
674 977
791 195
302 803
628 273
502 308
714 897
658 554
992 978
77 133
143 125
25 43
639 819
388 707
784 193
715 396
481 740
372 272
935 25
426 562
869 714
175 878
267 166
856 344
299 350
820 675
393 459
845 132
517 980
325 583
375 805
322 746
428 256
122 206
817 770
132 38
483 307
915 750
472 122
445 122
472 264
797 216
74 993
347 942
973 23
524 347
180 846
445 607
453 566
812 270
336 296
659 818
602 573
919 425
47 715
899 518
733 756
39 431
698 11
454 221
710 633
418 154
591 871
719 755
492 406
402 150
224 355
74 494
779 120
209 677
637 539
723 721
294 762
504 343
124 309
916 833
293 333
986 235
555 57
989 46
462 742
547 37
96 621
531 875
740 739
903 729
629 978
801 274
91 304
617 214
964 884
399 256
216 736
491 123
792 831
168 606
573 67
642 668
687 524
894 778
262 797
858 242
774 659
516 864
429 278
367 827
885 934
915 375
56 706
206 576
663 130
642 657
797 680
180 691
457 442
839 667
35 612
325 550
827 990
33 255
267 751
434 152
685 348
878 740
405 435
315 68
564 308
76 713
987 255
403 796
48 593
462 83
204 138
632 382
127 17
636 746
767 421
249 803
768 126
543 525
561 209
944 476
517 19
188 855
273 942
2 673
534 815
755 89
304 738
470 431
106 458
528 225
878 776
27 998
253 569
522 165
130 817
641 998
835 180
204 459
474 206
131 7
372 885
96 676
623 917
458 728
374 337
952 604
112 331
953 716
899 826
881 380
642 873
377 476
52 933
934 525
138 417
884 861
301 331
888 275
247 345
355 973
681 658
928 144
988 880
860 239
705 92
618 346
964 347
173 367
279 458
244 768
874 479
980 175
809 868
801 407
212 155
731 245
165 658
740 152
537 951
742 241
42 712
938 357
410 110
76 688
568 671
807 441
149 786
967 309
5 120
715 217
274 446
813 790
455 904
942 992
855 35
584 248
746 874
605 155
983 32
194 902
702 1000
695 850
138 13
158 142
132 224
710 758
21 874
547 476
778 488
467 632
875 402
879 620
275 835
775 610
866 968
511 567
320 557
768 809
570 277
950 701
501 12
810 521
885 357
996 14
196 814
997 70
216 876
690 842
62 816
451 280
135 314
198 454
870 966
614 439
492 94
927 301
615 163
9 962
177 205
776 173
274 343
400 315
184 462
130 987
93 265
300 290
70 169
255 684
960 849
599 803
942 525
455 556
687 464
518 215
668 645
388 293
339 787
608 522
600 89
508 692
705 807
982 775
328 588
810 287
436 408
89 378
284 895
285 322
358 154
537 377
798 276
670 136
62 629
10 14
717 869
57 422
676 38
196 355
978 357
641 413
764 81
142 399
327 427
720 685
580 608
61 730
883 730
865 297
358 226
310 427
95 718
848 770
108 395
476 85
751 468
849 866
900 991
264 226
417 335
910 348
77 825
52 294
473 762
519 134
188 613
852 387
734 959
781 209
395 883
676 243
748 575
233 363
801 1
697 62
349 639
384 425
816 436
70 288
549 589
422 88
201 273
474 935
583 606
495 977
488 171
219 235
97 804
949 249
804 645
311 152
284 694
929 451
481 998
738 381
938 159
468 139
783 941
425 365
898 919
341 385
89 912
971 538
715 919
786 518
564 96
22 199
142 302
649 974
651 738
355 589
897 822
79 31
115 503
396 12
421 88
749 862
351 71
399 65
342 184
935 905
632 308
455 125
961 455
98 963
192 452
903 440
626 981
471 740
483 218
103 256
657 203
117 8
274 867
424 615
50 710
871 33
369 677
157 681
131 255
644 674
58 546
114 683
879 584
774 361
801 877
968 809
431 84
168 704
302 592
670 352
653 892
736 22
568 893
702 50
499 697
724 556
243 837
591 121
772 364
833 924
592 153
732 23
588 900
78 890
843 748
593 495
639 328
868 559
572 570
608 70
266 331
978 860
519 568
332 290
931 517
213 523
669 945
897 256
844 974
145 38
73 737
532 64
417 400
622 988
321 581
410 586
264 387
798 782
306 129
72 588
997 284
462 665
580 358
273 775
332 417
812 756
506 344
819 922
95 440
261 415
373 670
352 636
408 149
417 65
630 840
653 626
476 114
643 407
472 915
182 155
683 345
910 188
688 729
461 134
520 74
548 892
95 252
879 503
400 648
567 381
487 571
359 314
685 1
721 156
267 254
662 949
598 571
137 638
651 949
771 171
22 319
414 117
570 645
971 321
292 889
54 130
460 764
796 144
116 516
651 382
769 312
330 366
882 818
3 533
767 126
55 140
796 820
256 717
464 226
389 755
467 442
237 926
557 32
69 672
547 719
53 667
382 383
200 739
147 318
864 201
458 659
21 713
727 484
291 115
591 757
909 827
34 465
858 102
137 756
172 189
422 553
923 157
167 123
895 314
440 110
866 897
120 886
962 846
722 604
961 312
712 869
490 745
333 699
198 821
454 369
10 227
273 932
383 439
406 630
104 198
91 970
446 211
207 407
56 928
362 368
591 73
236 432
169 921
130 366
741 583
86 102
161 710
386 896
149 791
877 252
988 967
573 434
177 780
192 585
707 906
952 650
330 540
81 499
812 211
216 552
145 302
6 658
363 391
553 511
181 429
115 521
395 687
306 924
818 497
860 525
402 811
526 84
702 606
582 513
168 797
417 313
450 422
322 813
164 874
675 344
654 141
216 400
828 521
675 997
370 534
521 123
345 398
206 398
4 787
911 171
936 679
835 737
452 156
549 615
381 576
310 34
716 878
786 895
398 460
892 767
994 764
242 690
162 447
87 165
586 349
687 521
27 522
609 830
29 158
796 410
733 106
795 448
983 580
695 732
40 586
851 33
349 92
74 510
890 160
509 713
347 887
586 956
69 614
465 864
375 197
321 522
996 655
101 690
387 492
627 589
876 976
680 949
837 921
109 863
396 969
927 94
207 512
49 275
477 865
139 204
61 811
725 409
466 177
450 204
669 429
792 544
756 823
493 592
743 601
806 490
921 732
584 127
595 984
402 424
849 892
979 261
702 703
21 167
879 823
370 899
251 513
443 6
335 935
597 430
887 755
919 807
486 854
933 433
838 686
208 38
577 186
298 279
888 671
445 118
493 167
17 743
679 811
100 366
745 48
795 983
802 65
141 640
271 73
424 460
759 631
497 687
816 146
965 55
816 762
524 308
928 540
402 958
702 501
675 798
549 821
780 702
886 920
341 508
345 764
967 455
394 463
141 561
608 106
615 776
867 139
435 146
30 837
455 732
337 130
529 237
950 661
939 187
932 631
694 276
395 660
82 140
474 223
701 434
680 315
209 898
453 643
43 835
831 497
566 520
978 446
756 928
106 46
466 390
677 160
665 423
171 747
562 645
321 262
430 1000
929 638
897 733
632 291
567 463
787 484
982 765
930 89
44 387
135 509
776 163
20 793
585 191
539 146
187 211
760 616
210 40
605 106
772 588
396 691
50 534
174 383
650 103
824 693
842 310
554 617
472 573
409 56
115 299
553 301
509 664
916 718
703 872
175 475
460 922
165 861
456 338
596 457
793 419
502 634
728 55
602 199
979 363
606 94
661 158
394 522
822 662
591 524
533 766
350 344
205 846
204 800
303 348
218 804
333 297
858 934
847 188
648 452
281 309
961 675
182 134
688 772
10 572
889 359
916 280
225 120
125 780
271 427
230 811
136 439
96 982
627 744
785 259
404 745
285 937
879 972
708 888
544 949
228 822
282 352
953 552
131 431
743 712
593 230
503 41
211 481
784 347
739 539
91 24
475 321
347 534
208 242
482 158
52 61
331 333
765 284
236 895
66 978
606 659
559 460
699 769
940 834
467 679
724 558
54 198
230 400
731 790
642 565
947 45
625 277
730 741
560 965
635 978
295 593
988 853
52 38
974 344
871 440
374 946
349 427
143 931
178 225
720 171
789 666
216 766
294 945
506 206
261 493
183 907
85 170
112 488
559 437
183 781
228 556
726 577
334 868
859 512
92 578
34 881
595 249
998 888
545 503
93 158
995 275
416 431
796 527
271 354
963 805
134 191
361 859
119 46
78 977
557 170
554 591
402 500
191 399
387 88
253 480
245 600
106 660
382 254
539 4
607 501
809 93
43 521
303 161
566 381
137 475
65 303
893 607
53 280
46 657
111 642
256 568
654 990
821 192
993 780
44 801
872 87
321 526
247 239
906 736
713 807
129 129
461 374
735 865
653 781
522 115
422 129
682 75
118 855
618 111
634 662
911 857
748 584
382 346
822 640
433 534
798 562
14 259
935 748
123 939
880 996
405 654
125 86
80 242
292 698
352 925
359 615
133 458
550 867
803 723
506 236
608 303
149 621
913 435
720 388
725 600
383 129
605 507
566 684
749 858
381 452
134 91
418 267
548 967
133 351
689 990
938 648
644 438
268 909
872 988
296 948
939 678
76 543
537 641
226 637
850 959
88 984
49 858
602 597
824 86
947 865
75 236
864 70
673 132
978 544
471 625
491 409
655 918
303 191
910 880
827 760
838 266
95 887
123 696
483 299
781 781
515 207
16 378
276 688
509 606
583 331
230 425
91 884
694 393
74 603
273 252
714 110
870 808
996 992
503 830
290 635
610 156
841 625
534 117
664 394
74 598
725 303
22 815
539 715
560 964
318 832
216 383
293 85
191 641
428 45
470 70
680 432
225 520
408 758
988 72
152 61
669 228
716 43
42 606
757 953
