120 500
1 118
1 2
1 3
4 2
4 3
4 5
4 6
7 5
7 6
7 8
7 9
10 8
10 9
10 11
10 12
13 11
13 12
13 14
13 15
16 14
16 15
16 17
16 18
19 17
19 18
19 20
19 21
22 20
22 21
22 23
22 24
25 23
25 24
25 26
25 27
28 26
28 27
28 29
28 30
31 29
31 30
31 32
31 33
34 32
34 33
34 35
34 36
37 35
37 36
37 38
37 39
40 38
40 39
40 41
40 42
43 41
43 42
43 44
43 45
46 44
46 45
46 47
46 48
49 47
49 48
49 50
49 51
52 50
52 51
52 53
52 54
55 53
55 54
55 56
55 57
58 56
58 57
58 59
58 60
61 59
61 60
64 120
85 100
69 74
71 62
86 61
95 111
101 119
62 86
61 114
80 118
95 67
83 119
116 88
73 76
73 80
95 74
77 112
105 77
65 115
78 90
108 112
72 88
111 73
105 111
67 64
101 93
62 63
91 109
82 95
64 94
114 91
99 70
82 83
86 78
70 96
99 117
87 110
84 69
114 120
112 112
115 92
85 117
86 115
105 107
82 101
72 75
63 111
77 84
65 94
93 74
69 71
70 88
120 85
96 105
84 79
97 79
110 61
67 75
107 103
113 68
75 65
75 77
107 91
92 111
64 64
117 73
74 66
92 65
83 67
110 106
86 86
116 67
78 114
74 116
89 66
116 103
62 70
92 83
91 95
87 87
99 100
84 62
97 106
84 86
103 71
84 112
117 97
107 85
95 94
67 96
95 118
76 66
73 98
93 99
116 63
70 71
65 106
117 65
63 72
82 105
74 97
74 75
94 100
100 93
82 82
80 94
111 104
64 106
107 66
117 103
107 114
108 120
90 61
96 118
63 101
80 111
112 87
65 66
100 77
91 91
112 95
68 90
100 64
72 82
100 110
67 87
101 97
80 77
94 74
93 69
79 85
95 76
90 66
84 120
96 75
86 104
79 71
90 77
89 62
105 100
78 70
113 67
98 86
67 117
110 101
72 71
98 95
62 74
101 88
109 77
117 94
89 78
103 110
79 87
89 89
97 82
99 101
62 80
73 73
90 110
99 91
115 72
110 95
88 74
106 76
99 66
85 81
115 104
100 84
72 76
105 98
81 75
70 75
79 115
115 118
77 102
61 67
76 80
72 113
96 110
119 120
63 113
95 102
76 98
109 112
75 61
75 99
89 94
85 76
83 102
117 75
108 64
94 111
117 69
100 115
61 94
107 95
75 115
73 115
106 79
116 112
87 62
82 107
87 99
62 101
80 110
115 119
114 89
109 102
89 88
114 66
116 68
120 68
63 106
78 110
89 104
111 102
83 70
80 84
110 99
74 105
97 119
73 85
92 101
105 119
62 98
64 117
97 64
116 91
101 65
72 61
101 115
102 63
64 114
86 113
84 91
97 113
81 101
69 112
110 75
74 106
63 103
109 118
73 81
62 85
81 102
79 114
104 74
99 62
66 63
84 95
107 97
67 115
88 80
100 70
86 105
115 80
87 95
107 71
104 66
112 80
79 91
85 96
110 71
72 109
68 96
101 86
81 87
113 114
78 99
116 65
97 99
110 70
96 66
98 77
76 101
65 73
72 65
100 104
82 120
62 66
99 114
111 116
84 106
61 120
77 62
80 74
74 61
76 109
67 105
117 82
85 114
86 89
118 66
72 79
119 119
83 75
104 75
74 112
118 89
78 73
97 73
101 108
68 105
118 64
110 65
91 100
67 120
90 74
76 87
95 93
108 79
92 85
84 82
79 116
61 78
92 110
115 103
113 109
87 98
79 93
89 109
99 105
67 73
107 117
100 79
81 63
92 91
111 85
108 82
74 120
95 120
95 79
109 61
86 77
107 64
76 69
75 114
65 114
64 77
117 96
107 99
120 94
120 65
96 113
120 92
108 98
88 100
83 95
108 97
89 105
90 84
111 108
116 110
73 108
107 98
65 111
89 101
103 89
64 85
105 103
62 73
99 61
112 119
83 98
91 73
77 79
115 89
118 101
119 114
91 87
89 92
79 83
96 92
98 74
93 90
73 69
103 87
98 65
75 85
75 64
118 79
120 104
101 70
118 76
81 66
66 98
90 103
105 87
107 94
97 70
87 111
117 84
118 90
118 78
87 114
95 92
83 77
75 109
90 104
90 120
78 66
78 117
66 94
97 76
118 69
78 115
61 98
87 83
115 94
69 101
75 86
98 84
82 76
70 79
101 106
109 83
61 66
69 98
93 73
