50 500
25 50
1 50
4 10
30 30
16 21
41 44
28 46
15 16
38 34
9 12
29 37
2 11
46 39
4 18
16 11
30 26
31 28
45 44
37 31
24 17
10 22
33 49
31 44
14 24
29 41
13 22
15 2
5 7
16 14
13 24
48 31
21 19
40 48
43 37
23 3
5 18
10 24
21 6
47 46
45 36
43 35
35 32
27 46
13 12
47 28
22 20
33 34
41 45
21 21
25 4
15 19
30 39
16 12
25 19
50 46
24 3
5 20
44 40
28 41
2 5
13 9
18 1
26 26
34 40
35 41
6 14
10 20
33 38
26 42
23 21
39 35
44 27
11 5
25 24
25 5
1 14
21 22
34 47
36 46
37 30
31 42
33 40
21 17
29 39
48 47
13 8
21 4
15 17
36 47
12 24
1 8
40 42
33 37
43 40
50 40
19 16
11 3
45 40
19 17
35 31
14 7
24 6
49 42
18 10
3 20
12 17
44 35
35 46
17 14
35 29
45 27
20 8
42 30
26 49
9 2
13 21
1 15
22 11
36 50
20 13
42 38
21 7
34 46
25 21
25 20
32 32
12 2
47 40
11 25
27 35
15 9
43 33
5 17
2 23
39 44
14 18
3 15
35 28
25 17
37 34
7 19
28 34
35 47
34 26
36 40
15 24
1 12
32 30
7 13
44 28
4 7
7 18
4 3
15 14
27 30
48 35
24 2
26 45
4 6
10 11
39 27
36 30
7 22
36 37
1 11
29 36
23 13
4 22
36 35
34 45
25 6
45 43
12 20
28 49
40 35
50 32
43 36
50 31
6 1
6 3
41 42
12 19
19 11
46 31
35 30
31 45
3 8
9 24
26 37
49 30
33 27
40 39
37 46
16 1
32 47
49 34
38 36
42 44
17 10
17 3
37 27
33 39
29 30
3 21
15 20
14 11
31 38
49 46
16 8
34 34
8 12
2 16
23 20
10 8
1 9
23 24
46 44
34 29
36 36
41 37
18 16
40 46
37 45
47 49
5 22
48 45
32 26
22 12
14 4
50 27
17 13
36 31
45 33
5 5
11 11
39 47
29 49
11 12
7 24
25 18
10 13
5 6
30 41
40 32
11 23
40 49
3 10
48 26
46 29
14 20
21 20
16 20
13 5
26 29
5 1
9 18
11 24
38 43
50 48
19 3
42 43
41 50
12 7
21 15
33 29
3 5
50 43
39 31
35 35
46 41
1 10
19 6
47 44
8 17
24 24
27 32
24 18
41 38
50 28
40 29
23 4
4 11
41 26
18 23
47 47
22 17
23 23
34 27
31 26
11 18
9 14
13 16
22 22
6 13
38 35
27 26
7 11
10 23
1 4
4 8
8 14
26 46
47 31
9 7
44 34
46 32
38 50
8 23
3 2
39 34
40 27
45 49
33 36
14 5
28 42
1 7
48 43
46 48
42 39
38 48
26 28
3 25
49 41
27 31
32 29
7 16
34 50
33 50
48 29
47 33
17 16
43 26
33 30
6 17
21 2
19 13
42 36
16 4
40 31
6 6
3 1
5 16
6 12
50 44
24 21
50 35
14 14
43 29
9 25
41 47
24 22
22 8
6 9
34 48
1 17
42 29
23 12
34 36
2 18
40 30
22 3
48 39
15 11
2 2
22 23
10 9
45 46
24 16
19 14
43 27
43 31
20 9
28 30
10 6
3 13
27 28
47 45
41 33
31 29
35 26
48 30
24 1
12 21
8 25
9 8
18 20
25 23
44 32
23 5
19 8
21 8
50 50
15 23
6 23
7 2
45 28
24 19
34 30
4 5
50 39
14 10
15 15
41 31
3 12
15 12
6 18
17 20
12 25
45 42
39 32
42 50
7 23
49 49
1 20
43 41
25 10
9 19
38 26
36 41
8 5
33 35
10 15
6 22
24 4
46 46
21 10
49 36
48 33
8 6
42 46
45 45
44 44
22 1
37 39
9 3
30 46
30 50
34 31
36 28
43 28
12 18
38 37
7 10
18 19
49 43
36 39
21 14
14 12
20 2
9 11
1 21
48 27
32 42
17 9
38 30
3 18
49 37
47 27
50 29
32 41
8 15
37 44
21 11
7 3
26 39
23 14
26 36
8 8
39 49
28 48
42 48
44 48
12 4
8 24
28 38
47 38
50 47
9 9
27 49
1 2
37 40
2 19
35 45
32 43
29 38
22 2
5 21
16 3
39 28
4 17
32 28
11 17
16 6
42 27
9 21
6 11
43 39
33 32
41 27
44 43
17 7
